CHAIN[0] Eingenvector and value info: ************************************
MultiGaussian::printInfo:
Eigenvalues (we used scale = -1030792152):
4.565211e-07  --> sigma:  6.756635e-04  eigenvector w/o scale: 3.451956e-07    --> sigma: 5.875335e-04
7.322239e-06  --> sigma:  2.705964e-03  eigenvector w/o scale: 5.536665e-06    --> sigma: 2.353012e-03
1.937046e-05  --> sigma:  4.401188e-03  eigenvector w/o scale: 1.464685e-05    --> sigma: 3.827120e-03
1.032467e-04  --> sigma:  1.016104e-02  eigenvector w/o scale: 7.806937e-05    --> sigma: 8.835687e-03
2.680850e-04  --> sigma:  1.637330e-02  eigenvector w/o scale: 2.027108e-04    --> sigma: 1.423765e-02
6.660980e-04  --> sigma:  2.580888e-02  eigenvector w/o scale: 5.036658e-04    --> sigma: 2.244250e-02
3.317597e-03  --> sigma:  5.759859e-02  eigenvector w/o scale: 2.508580e-03    --> sigma: 5.008573e-02
4.130729e-03  --> sigma:  6.427075e-02  eigenvector w/o scale: 3.123425e-03    --> sigma: 5.588761e-02
2.635746e-02  --> sigma:  1.623498e-01  eigenvector w/o scale: 1.993003e-02    --> sigma: 1.411737e-01
6.559919e-02  --> sigma:  2.561234e-01  eigenvector w/o scale: 4.960241e-02    --> sigma: 2.227160e-01
1.129092e-01  --> sigma:  3.360197e-01  eigenvector w/o scale: 8.537560e-02    --> sigma: 2.921910e-01
3.090461e-01  --> sigma:  5.559191e-01  eigenvector w/o scale: 2.336832e-01    --> sigma: 4.834080e-01
7.257004e+00  --> sigma:  2.693883e+00  eigenvector w/o scale: 5.487338e+00    --> sigma: 2.342507e+00
9.069376e+00  --> sigma:  3.011540e+00  eigenvector w/o scale: 6.857751e+00    --> sigma: 2.618731e+00
3.250333e+01  --> sigma:  5.701169e+00  eigenvector w/o scale: 2.457719e+01    --> sigma: 4.957538e+00
4.177222e+01  --> sigma:  6.463143e+00  eigenvector w/o scale: 3.158580e+01    --> sigma: 5.620124e+00
2.578862e+02  --> sigma:  1.605884e+01  eigenvector w/o scale: 1.949991e+02    --> sigma: 1.396421e+01
5.543513e+02  --> sigma:  2.354467e+01  eigenvector w/o scale: 4.191693e+02    --> sigma: 2.047362e+01
2.111009e+03  --> sigma:  4.594572e+01  eigenvector w/o scale: 1.596226e+03    --> sigma: 3.995280e+01
9.537005e+03  --> sigma:  9.765759e+01  eigenvector w/o scale: 7.211346e+03    --> sigma: 8.491965e+01

Eigenvectors:
1.814015e-01  -4.398441e-01  8.370843e-01  2.685883e-02  -2.039241e-01  8.275656e-04  -2.413451e-02  -1.729186e-01  9.153240e-03  5.780281e-03  2.740586e-03  -2.271196e-03  -6.535112e-05  -9.330153e-06  -3.490454e-04  -2.822934e-04  8.480392e-06  -4.113301e-05  -2.701625e-06  4.196629e-06  
-9.813447e-01  -5.058310e-02  1.790919e-01  -2.309979e-03  -3.525397e-02  -3.204387e-02  2.137143e-03  6.964594e-03  1.185382e-03  -5.465740e-04  2.094353e-04  -3.535853e-04  2.932013e-05  4.673629e-05  -2.133784e-05  -2.005243e-05  4.571548e-05  -2.155485e-05  -2.105416e-06  -1.175443e-06  
4.753434e-02  -6.162349e-02  6.747803e-02  7.211738e-02  -1.998713e-01  -5.927392e-01  1.485855e-01  7.549670e-01  -1.236810e-02  -2.555533e-02  -4.072310e-03  4.769236e-03  5.084649e-04  2.817124e-04  8.350983e-04  9.075167e-04  6.971106e-04  -1.450756e-04  -2.261531e-05  -1.420022e-05  
1.834068e-03  1.172342e-02  2.001096e-02  -2.766734e-02  -1.714742e-02  4.182051e-02  -9.727480e-01  2.216014e-01  4.815186e-03  -3.721207e-03  3.545183e-02  -3.020614e-03  7.733098e-04  -4.413303e-04  -2.759590e-04  -7.894001e-04  6.987214e-05  1.143263e-06  8.939018e-05  -6.728932e-05  
-7.462699e-03  4.730743e-02  -3.640930e-02  -3.572234e-02  -5.935193e-01  6.965443e-01  1.269989e-01  3.748254e-01  4.149829e-04  -3.012708e-02  6.300449e-03  -9.620284e-03  1.245796e-03  -8.352182e-04  7.838487e-05  -4.157188e-04  3.777717e-04  -1.743304e-04  1.129407e-04  -2.479929e-05  
-9.771246e-03  1.250249e-01  -2.146805e-01  8.250098e-02  -7.484013e-01  -3.865417e-01  -1.126331e-01  -4.563123e-01  2.486292e-02  1.686831e-02  -1.436286e-03  -5.167735e-03  -4.569825e-03  -6.469361e-04  -2.571264e-04  -4.898990e-04  -9.546993e-05  -1.905866e-05  6.385500e-05  7.025139e-05  
6.487654e-07  7.008331e-06  -1.147034e-05  1.258815e-05  -3.004652e-05  -6.624225e-05  7.673783e-05  -5.746613e-05  1.657661e-04  -7.742781e-05  4.201040e-04  -1.490507e-03  3.111352e-03  -1.217086e-04  5.570386e-03  1.141293e-03  -3.258981e-02  1.115397e-02  5.300534e-02  -9.979777e-01  
-3.854740e-06  -1.646244e-05  5.071584e-05  -1.136445e-04  -1.191726e-04  3.426438e-05  -6.531190e-05  4.144514e-05  -8.707722e-04  -1.414506e-03  -1.790732e-03  -4.770178e-03  -7.011588e-03  1.908183e-02  3.059790e-02  1.386707e-02  7.273385e-02  9.951443e-01  -5.281728e-02  6.110638e-03  
-5.693459e-06  -1.015308e-05  1.132722e-06  -3.731904e-06  -2.202602e-04  2.229237e-05  -1.434866e-05  3.065640e-04  1.223024e-03  -4.725186e-04  6.714790e-04  1.549071e-03  6.620936e-04  7.622590e-03  7.237113e-03  4.664710e-04  -4.222108e-01  -1.735639e-02  -9.056120e-01  -3.446562e-02  
-2.350290e-05  3.432904e-05  -1.547181e-04  4.433617e-04  -3.433812e-04  5.713666e-06  -3.248128e-04  -2.595928e-05  7.098504e-05  7.048197e-04  -1.993712e-03  -4.947882e-03  7.528879e-02  -1.245478e-01  -7.025647e-01  6.952476e-01  -3.714576e-02  1.809689e-02  1.074497e-02  -8.840000e-04  
-1.396561e-05  -4.165488e-05  4.978386e-05  -5.993445e-05  -2.568907e-04  1.947901e-05  2.835511e-04  9.442317e-04  9.297353e-03  4.129623e-03  2.660886e-03  1.657824e-02  6.512666e-03  2.303544e-03  3.192789e-02  -2.474809e-02  -9.019661e-01  8.720258e-02  4.171405e-01  5.273206e-02  
-1.536888e-05  1.010828e-04  -4.939549e-06  4.309784e-04  -4.468796e-04  4.234769e-04  -4.014145e-04  -1.056846e-03  1.997902e-02  2.211239e-03  1.092009e-02  8.789716e-03  1.541075e-01  -5.510011e-03  7.026191e-01  6.935060e-01  6.336110e-03  -3.029894e-02  3.529924e-03  4.832586e-03  
-6.398031e-04  -2.484525e-03  -9.895839e-04  -2.137255e-03  -1.975296e-02  3.363451e-03  5.258157e-03  2.913282e-03  -7.839801e-01  5.423930e-01  2.842694e-01  9.892678e-02  5.290702e-03  2.527183e-03  6.560236e-03  7.382763e-03  -2.613593e-03  9.609416e-04  3.264641e-04  -2.513765e-05  
2.232969e-04  1.186320e-03  2.344131e-03  -5.448799e-03  -5.596217e-03  -9.061498e-03  -1.257205e-02  -4.346552e-02  -5.359893e-01  -7.942307e-01  -5.872012e-02  2.752678e-01  1.667044e-02  -1.166812e-02  6.437389e-03  5.046641e-03  -3.384125e-03  2.500007e-05  1.656136e-03  -1.671771e-04  
2.830291e-04  -1.944153e-05  8.831038e-04  4.285299e-05  5.033617e-03  -8.675460e-03  -3.889879e-03  -8.555901e-03  -2.580652e-01  -1.466302e-01  -1.014602e-01  -9.487123e-01  -2.302233e-02  -8.308271e-03  1.646900e-02  9.817586e-03  -1.819252e-02  -4.146158e-03  6.550261e-03  2.271381e-03  
-3.846529e-02  -8.828252e-01  -4.616118e-01  -6.808147e-02  -2.391253e-02  1.975862e-02  -1.907355e-02  -9.008066e-03  1.744348e-03  -2.754919e-03  -1.135340e-03  -5.108163e-04  2.962674e-04  2.877510e-04  2.731991e-05  5.435920e-06  1.287982e-05  -1.491095e-05  1.266920e-05  -1.395958e-06  
-1.271973e-02  -5.277814e-02  -4.180413e-02  9.902219e-01  5.878552e-02  1.028528e-01  -2.463271e-02  6.566844e-03  -5.213310e-03  -5.051468e-03  4.969334e-03  1.121912e-03  -1.589519e-03  5.451730e-05  1.068826e-04  -3.124845e-04  -9.576210e-05  1.159200e-04  3.088480e-05  3.005183e-06  
1.192656e-04  4.906151e-04  -2.792501e-03  -3.325020e-03  8.941089e-03  -1.230686e-02  3.330890e-02  -1.221701e-02  1.732961e-01  -2.266712e-01  9.507647e-01  -1.138700e-01  -2.722369e-03  5.818585e-04  -9.748544e-03  -7.257438e-03  1.466167e-03  1.261249e-03  4.917526e-05  5.180327e-04  
4.251843e-05  1.785709e-05  4.383968e-04  -1.087055e-03  2.572407e-04  1.537988e-03  -7.181006e-04  7.044251e-04  -7.951543e-03  -1.326983e-02  -1.566213e-03  1.030520e-02  -5.026816e-01  8.474894e-01  -4.382718e-02  1.621489e-01  -5.103732e-03  -1.980803e-02  9.320791e-03  -1.305972e-03  
-3.474693e-06  -7.916318e-04  7.723706e-04  -1.712041e-03  2.260987e-03  1.888177e-03  1.484482e-04  2.496573e-03  -6.750605e-04  7.077268e-04  3.136447e-03  2.741582e-02  -8.467129e-01  -5.153428e-01  9.120095e-02  9.138168e-02  -6.700876e-03  4.264170e-04  -9.469767e-04  -1.830216e-03  
***********************************


CHAIN[1] Eingenvector and value info: ************************************
MultiGaussian::printInfo:
Eigenvalues (we used scale = 1402438302):
5.706294e-07  --> sigma:  7.554002e-04  eigenvector w/o scale: 3.451956e-07    --> sigma: 5.875335e-04
9.152446e-06  --> sigma:  3.025301e-03  eigenvector w/o scale: 5.536665e-06    --> sigma: 2.353012e-03
2.421214e-05  --> sigma:  4.920583e-03  eigenvector w/o scale: 1.464685e-05    --> sigma: 3.827120e-03
1.290534e-04  --> sigma:  1.136017e-02  eigenvector w/o scale: 7.806937e-05    --> sigma: 8.835687e-03
3.350934e-04  --> sigma:  1.830556e-02  eigenvector w/o scale: 2.027108e-04    --> sigma: 1.423765e-02
8.325904e-04  --> sigma:  2.885464e-02  eigenvector w/o scale: 5.036658e-04    --> sigma: 2.244250e-02
4.146837e-03  --> sigma:  6.439594e-02  eigenvector w/o scale: 2.508580e-03    --> sigma: 5.008573e-02
5.163212e-03  --> sigma:  7.185550e-02  eigenvector w/o scale: 3.123425e-03    --> sigma: 5.588761e-02
3.294555e-02  --> sigma:  1.815091e-01  eigenvector w/o scale: 1.993003e-02    --> sigma: 1.411737e-01
8.199583e-02  --> sigma:  2.863491e-01  eigenvector w/o scale: 4.960241e-02    --> sigma: 2.227160e-01
1.411311e-01  --> sigma:  3.756742e-01  eigenvector w/o scale: 8.537560e-02    --> sigma: 2.921910e-01
3.862927e-01  --> sigma:  6.215245e-01  eigenvector w/o scale: 2.336832e-01    --> sigma: 4.834080e-01
9.070905e+00  --> sigma:  3.011794e+00  eigenvector w/o scale: 5.487338e+00    --> sigma: 2.342507e+00
1.133628e+01  --> sigma:  3.366940e+00  eigenvector w/o scale: 6.857751e+00    --> sigma: 2.618731e+00
4.062759e+01  --> sigma:  6.373978e+00  eigenvector w/o scale: 2.457719e+01    --> sigma: 4.957538e+00
5.221326e+01  --> sigma:  7.225874e+00  eigenvector w/o scale: 3.158580e+01    --> sigma: 5.620124e+00
3.223454e+02  --> sigma:  1.795398e+01  eigenvector w/o scale: 1.949991e+02    --> sigma: 1.396421e+01
6.929124e+02  --> sigma:  2.632323e+01  eigenvector w/o scale: 4.191693e+02    --> sigma: 2.047362e+01
2.638660e+03  --> sigma:  5.136789e+01  eigenvector w/o scale: 1.596226e+03    --> sigma: 3.995280e+01
1.192080e+04  --> sigma:  1.091824e+02  eigenvector w/o scale: 7.211346e+03    --> sigma: 8.491965e+01

Eigenvectors:
1.814015e-01  -4.398441e-01  8.370843e-01  2.685883e-02  -2.039241e-01  8.275656e-04  -2.413451e-02  -1.729186e-01  9.153240e-03  5.780281e-03  2.740586e-03  -2.271196e-03  -6.535112e-05  -9.330153e-06  -3.490454e-04  -2.822934e-04  8.480392e-06  -4.113301e-05  -2.701625e-06  4.196629e-06  
-9.813447e-01  -5.058310e-02  1.790919e-01  -2.309979e-03  -3.525397e-02  -3.204387e-02  2.137143e-03  6.964594e-03  1.185382e-03  -5.465740e-04  2.094353e-04  -3.535853e-04  2.932013e-05  4.673629e-05  -2.133784e-05  -2.005243e-05  4.571548e-05  -2.155485e-05  -2.105416e-06  -1.175443e-06  
4.753434e-02  -6.162349e-02  6.747803e-02  7.211738e-02  -1.998713e-01  -5.927392e-01  1.485855e-01  7.549670e-01  -1.236810e-02  -2.555533e-02  -4.072310e-03  4.769236e-03  5.084649e-04  2.817124e-04  8.350983e-04  9.075167e-04  6.971106e-04  -1.450756e-04  -2.261531e-05  -1.420022e-05  
1.834068e-03  1.172342e-02  2.001096e-02  -2.766734e-02  -1.714742e-02  4.182051e-02  -9.727480e-01  2.216014e-01  4.815186e-03  -3.721207e-03  3.545183e-02  -3.020614e-03  7.733098e-04  -4.413303e-04  -2.759590e-04  -7.894001e-04  6.987214e-05  1.143263e-06  8.939018e-05  -6.728932e-05  
-7.462699e-03  4.730743e-02  -3.640930e-02  -3.572234e-02  -5.935193e-01  6.965443e-01  1.269989e-01  3.748254e-01  4.149829e-04  -3.012708e-02  6.300449e-03  -9.620284e-03  1.245796e-03  -8.352182e-04  7.838487e-05  -4.157188e-04  3.777717e-04  -1.743304e-04  1.129407e-04  -2.479929e-05  
-9.771246e-03  1.250249e-01  -2.146805e-01  8.250098e-02  -7.484013e-01  -3.865417e-01  -1.126331e-01  -4.563123e-01  2.486292e-02  1.686831e-02  -1.436286e-03  -5.167735e-03  -4.569825e-03  -6.469361e-04  -2.571264e-04  -4.898990e-04  -9.546993e-05  -1.905866e-05  6.385500e-05  7.025139e-05  
6.487654e-07  7.008331e-06  -1.147034e-05  1.258815e-05  -3.004652e-05  -6.624225e-05  7.673783e-05  -5.746613e-05  1.657661e-04  -7.742781e-05  4.201040e-04  -1.490507e-03  3.111352e-03  -1.217086e-04  5.570386e-03  1.141293e-03  -3.258981e-02  1.115397e-02  5.300534e-02  -9.979777e-01  
-3.854740e-06  -1.646244e-05  5.071584e-05  -1.136445e-04  -1.191726e-04  3.426438e-05  -6.531190e-05  4.144514e-05  -8.707722e-04  -1.414506e-03  -1.790732e-03  -4.770178e-03  -7.011588e-03  1.908183e-02  3.059790e-02  1.386707e-02  7.273385e-02  9.951443e-01  -5.281728e-02  6.110638e-03  
-5.693459e-06  -1.015308e-05  1.132722e-06  -3.731904e-06  -2.202602e-04  2.229237e-05  -1.434866e-05  3.065640e-04  1.223024e-03  -4.725186e-04  6.714790e-04  1.549071e-03  6.620936e-04  7.622590e-03  7.237113e-03  4.664710e-04  -4.222108e-01  -1.735639e-02  -9.056120e-01  -3.446562e-02  
-2.350290e-05  3.432904e-05  -1.547181e-04  4.433617e-04  -3.433812e-04  5.713666e-06  -3.248128e-04  -2.595928e-05  7.098504e-05  7.048197e-04  -1.993712e-03  -4.947882e-03  7.528879e-02  -1.245478e-01  -7.025647e-01  6.952476e-01  -3.714576e-02  1.809689e-02  1.074497e-02  -8.840000e-04  
-1.396561e-05  -4.165488e-05  4.978386e-05  -5.993445e-05  -2.568907e-04  1.947901e-05  2.835511e-04  9.442317e-04  9.297353e-03  4.129623e-03  2.660886e-03  1.657824e-02  6.512666e-03  2.303544e-03  3.192789e-02  -2.474809e-02  -9.019661e-01  8.720258e-02  4.171405e-01  5.273206e-02  
-1.536888e-05  1.010828e-04  -4.939549e-06  4.309784e-04  -4.468796e-04  4.234769e-04  -4.014145e-04  -1.056846e-03  1.997902e-02  2.211239e-03  1.092009e-02  8.789716e-03  1.541075e-01  -5.510011e-03  7.026191e-01  6.935060e-01  6.336110e-03  -3.029894e-02  3.529924e-03  4.832586e-03  
-6.398031e-04  -2.484525e-03  -9.895839e-04  -2.137255e-03  -1.975296e-02  3.363451e-03  5.258157e-03  2.913282e-03  -7.839801e-01  5.423930e-01  2.842694e-01  9.892678e-02  5.290702e-03  2.527183e-03  6.560236e-03  7.382763e-03  -2.613593e-03  9.609416e-04  3.264641e-04  -2.513765e-05  
2.232969e-04  1.186320e-03  2.344131e-03  -5.448799e-03  -5.596217e-03  -9.061498e-03  -1.257205e-02  -4.346552e-02  -5.359893e-01  -7.942307e-01  -5.872012e-02  2.752678e-01  1.667044e-02  -1.166812e-02  6.437389e-03  5.046641e-03  -3.384125e-03  2.500007e-05  1.656136e-03  -1.671771e-04  
2.830291e-04  -1.944153e-05  8.831038e-04  4.285299e-05  5.033617e-03  -8.675460e-03  -3.889879e-03  -8.555901e-03  -2.580652e-01  -1.466302e-01  -1.014602e-01  -9.487123e-01  -2.302233e-02  -8.308271e-03  1.646900e-02  9.817586e-03  -1.819252e-02  -4.146158e-03  6.550261e-03  2.271381e-03  
-3.846529e-02  -8.828252e-01  -4.616118e-01  -6.808147e-02  -2.391253e-02  1.975862e-02  -1.907355e-02  -9.008066e-03  1.744348e-03  -2.754919e-03  -1.135340e-03  -5.108163e-04  2.962674e-04  2.877510e-04  2.731991e-05  5.435920e-06  1.287982e-05  -1.491095e-05  1.266920e-05  -1.395958e-06  
-1.271973e-02  -5.277814e-02  -4.180413e-02  9.902219e-01  5.878552e-02  1.028528e-01  -2.463271e-02  6.566844e-03  -5.213310e-03  -5.051468e-03  4.969334e-03  1.121912e-03  -1.589519e-03  5.451730e-05  1.068826e-04  -3.124845e-04  -9.576210e-05  1.159200e-04  3.088480e-05  3.005183e-06  
1.192656e-04  4.906151e-04  -2.792501e-03  -3.325020e-03  8.941089e-03  -1.230686e-02  3.330890e-02  -1.221701e-02  1.732961e-01  -2.266712e-01  9.507647e-01  -1.138700e-01  -2.722369e-03  5.818585e-04  -9.748544e-03  -7.257438e-03  1.466167e-03  1.261249e-03  4.917526e-05  5.180327e-04  
4.251843e-05  1.785709e-05  4.383968e-04  -1.087055e-03  2.572407e-04  1.537988e-03  -7.181006e-04  7.044251e-04  -7.951543e-03  -1.326983e-02  -1.566213e-03  1.030520e-02  -5.026816e-01  8.474894e-01  -4.382718e-02  1.621489e-01  -5.103732e-03  -1.980803e-02  9.320791e-03  -1.305972e-03  
-3.474693e-06  -7.916318e-04  7.723706e-04  -1.712041e-03  2.260987e-03  1.888177e-03  1.484482e-04  2.496573e-03  -6.750605e-04  7.077268e-04  3.136447e-03  2.741582e-02  -8.467129e-01  -5.153428e-01  9.120095e-02  9.138168e-02  -6.700876e-03  4.264170e-04  -9.469767e-04  -1.830216e-03  
***********************************


CHAIN[2] Eingenvector and value info: ************************************
MultiGaussian::printInfo:
Eigenvalues (we used scale = 1402438302):
5.706294e-07  --> sigma:  7.554002e-04  eigenvector w/o scale: 3.451956e-07    --> sigma: 5.875335e-04
9.152446e-06  --> sigma:  3.025301e-03  eigenvector w/o scale: 5.536665e-06    --> sigma: 2.353012e-03
2.421214e-05  --> sigma:  4.920583e-03  eigenvector w/o scale: 1.464685e-05    --> sigma: 3.827120e-03
1.290534e-04  --> sigma:  1.136017e-02  eigenvector w/o scale: 7.806937e-05    --> sigma: 8.835687e-03
3.350934e-04  --> sigma:  1.830556e-02  eigenvector w/o scale: 2.027108e-04    --> sigma: 1.423765e-02
8.325904e-04  --> sigma:  2.885464e-02  eigenvector w/o scale: 5.036658e-04    --> sigma: 2.244250e-02
4.146837e-03  --> sigma:  6.439594e-02  eigenvector w/o scale: 2.508580e-03    --> sigma: 5.008573e-02
5.163212e-03  --> sigma:  7.185550e-02  eigenvector w/o scale: 3.123425e-03    --> sigma: 5.588761e-02
3.294555e-02  --> sigma:  1.815091e-01  eigenvector w/o scale: 1.993003e-02    --> sigma: 1.411737e-01
8.199583e-02  --> sigma:  2.863491e-01  eigenvector w/o scale: 4.960241e-02    --> sigma: 2.227160e-01
1.411311e-01  --> sigma:  3.756742e-01  eigenvector w/o scale: 8.537560e-02    --> sigma: 2.921910e-01
3.862927e-01  --> sigma:  6.215245e-01  eigenvector w/o scale: 2.336832e-01    --> sigma: 4.834080e-01
9.070905e+00  --> sigma:  3.011794e+00  eigenvector w/o scale: 5.487338e+00    --> sigma: 2.342507e+00
1.133628e+01  --> sigma:  3.366940e+00  eigenvector w/o scale: 6.857751e+00    --> sigma: 2.618731e+00
4.062759e+01  --> sigma:  6.373978e+00  eigenvector w/o scale: 2.457719e+01    --> sigma: 4.957538e+00
5.221326e+01  --> sigma:  7.225874e+00  eigenvector w/o scale: 3.158580e+01    --> sigma: 5.620124e+00
3.223454e+02  --> sigma:  1.795398e+01  eigenvector w/o scale: 1.949991e+02    --> sigma: 1.396421e+01
6.929124e+02  --> sigma:  2.632323e+01  eigenvector w/o scale: 4.191693e+02    --> sigma: 2.047362e+01
2.638660e+03  --> sigma:  5.136789e+01  eigenvector w/o scale: 1.596226e+03    --> sigma: 3.995280e+01
1.192080e+04  --> sigma:  1.091824e+02  eigenvector w/o scale: 7.211346e+03    --> sigma: 8.491965e+01

Eigenvectors:
1.814015e-01  -4.398441e-01  8.370843e-01  2.685883e-02  -2.039241e-01  8.275656e-04  -2.413451e-02  -1.729186e-01  9.153240e-03  5.780281e-03  2.740586e-03  -2.271196e-03  -6.535112e-05  -9.330153e-06  -3.490454e-04  -2.822934e-04  8.480392e-06  -4.113301e-05  -2.701625e-06  4.196629e-06  
-9.813447e-01  -5.058310e-02  1.790919e-01  -2.309979e-03  -3.525397e-02  -3.204387e-02  2.137143e-03  6.964594e-03  1.185382e-03  -5.465740e-04  2.094353e-04  -3.535853e-04  2.932013e-05  4.673629e-05  -2.133784e-05  -2.005243e-05  4.571548e-05  -2.155485e-05  -2.105416e-06  -1.175443e-06  
4.753434e-02  -6.162349e-02  6.747803e-02  7.211738e-02  -1.998713e-01  -5.927392e-01  1.485855e-01  7.549670e-01  -1.236810e-02  -2.555533e-02  -4.072310e-03  4.769236e-03  5.084649e-04  2.817124e-04  8.350983e-04  9.075167e-04  6.971106e-04  -1.450756e-04  -2.261531e-05  -1.420022e-05  
1.834068e-03  1.172342e-02  2.001096e-02  -2.766734e-02  -1.714742e-02  4.182051e-02  -9.727480e-01  2.216014e-01  4.815186e-03  -3.721207e-03  3.545183e-02  -3.020614e-03  7.733098e-04  -4.413303e-04  -2.759590e-04  -7.894001e-04  6.987214e-05  1.143263e-06  8.939018e-05  -6.728932e-05  
-7.462699e-03  4.730743e-02  -3.640930e-02  -3.572234e-02  -5.935193e-01  6.965443e-01  1.269989e-01  3.748254e-01  4.149829e-04  -3.012708e-02  6.300449e-03  -9.620284e-03  1.245796e-03  -8.352182e-04  7.838487e-05  -4.157188e-04  3.777717e-04  -1.743304e-04  1.129407e-04  -2.479929e-05  
-9.771246e-03  1.250249e-01  -2.146805e-01  8.250098e-02  -7.484013e-01  -3.865417e-01  -1.126331e-01  -4.563123e-01  2.486292e-02  1.686831e-02  -1.436286e-03  -5.167735e-03  -4.569825e-03  -6.469361e-04  -2.571264e-04  -4.898990e-04  -9.546993e-05  -1.905866e-05  6.385500e-05  7.025139e-05  
6.487654e-07  7.008331e-06  -1.147034e-05  1.258815e-05  -3.004652e-05  -6.624225e-05  7.673783e-05  -5.746613e-05  1.657661e-04  -7.742781e-05  4.201040e-04  -1.490507e-03  3.111352e-03  -1.217086e-04  5.570386e-03  1.141293e-03  -3.258981e-02  1.115397e-02  5.300534e-02  -9.979777e-01  
-3.854740e-06  -1.646244e-05  5.071584e-05  -1.136445e-04  -1.191726e-04  3.426438e-05  -6.531190e-05  4.144514e-05  -8.707722e-04  -1.414506e-03  -1.790732e-03  -4.770178e-03  -7.011588e-03  1.908183e-02  3.059790e-02  1.386707e-02  7.273385e-02  9.951443e-01  -5.281728e-02  6.110638e-03  
-5.693459e-06  -1.015308e-05  1.132722e-06  -3.731904e-06  -2.202602e-04  2.229237e-05  -1.434866e-05  3.065640e-04  1.223024e-03  -4.725186e-04  6.714790e-04  1.549071e-03  6.620936e-04  7.622590e-03  7.237113e-03  4.664710e-04  -4.222108e-01  -1.735639e-02  -9.056120e-01  -3.446562e-02  
-2.350290e-05  3.432904e-05  -1.547181e-04  4.433617e-04  -3.433812e-04  5.713666e-06  -3.248128e-04  -2.595928e-05  7.098504e-05  7.048197e-04  -1.993712e-03  -4.947882e-03  7.528879e-02  -1.245478e-01  -7.025647e-01  6.952476e-01  -3.714576e-02  1.809689e-02  1.074497e-02  -8.840000e-04  
-1.396561e-05  -4.165488e-05  4.978386e-05  -5.993445e-05  -2.568907e-04  1.947901e-05  2.835511e-04  9.442317e-04  9.297353e-03  4.129623e-03  2.660886e-03  1.657824e-02  6.512666e-03  2.303544e-03  3.192789e-02  -2.474809e-02  -9.019661e-01  8.720258e-02  4.171405e-01  5.273206e-02  
-1.536888e-05  1.010828e-04  -4.939549e-06  4.309784e-04  -4.468796e-04  4.234769e-04  -4.014145e-04  -1.056846e-03  1.997902e-02  2.211239e-03  1.092009e-02  8.789716e-03  1.541075e-01  -5.510011e-03  7.026191e-01  6.935060e-01  6.336110e-03  -3.029894e-02  3.529924e-03  4.832586e-03  
-6.398031e-04  -2.484525e-03  -9.895839e-04  -2.137255e-03  -1.975296e-02  3.363451e-03  5.258157e-03  2.913282e-03  -7.839801e-01  5.423930e-01  2.842694e-01  9.892678e-02  5.290702e-03  2.527183e-03  6.560236e-03  7.382763e-03  -2.613593e-03  9.609416e-04  3.264641e-04  -2.513765e-05  
2.232969e-04  1.186320e-03  2.344131e-03  -5.448799e-03  -5.596217e-03  -9.061498e-03  -1.257205e-02  -4.346552e-02  -5.359893e-01  -7.942307e-01  -5.872012e-02  2.752678e-01  1.667044e-02  -1.166812e-02  6.437389e-03  5.046641e-03  -3.384125e-03  2.500007e-05  1.656136e-03  -1.671771e-04  
2.830291e-04  -1.944153e-05  8.831038e-04  4.285299e-05  5.033617e-03  -8.675460e-03  -3.889879e-03  -8.555901e-03  -2.580652e-01  -1.466302e-01  -1.014602e-01  -9.487123e-01  -2.302233e-02  -8.308271e-03  1.646900e-02  9.817586e-03  -1.819252e-02  -4.146158e-03  6.550261e-03  2.271381e-03  
-3.846529e-02  -8.828252e-01  -4.616118e-01  -6.808147e-02  -2.391253e-02  1.975862e-02  -1.907355e-02  -9.008066e-03  1.744348e-03  -2.754919e-03  -1.135340e-03  -5.108163e-04  2.962674e-04  2.877510e-04  2.731991e-05  5.435920e-06  1.287982e-05  -1.491095e-05  1.266920e-05  -1.395958e-06  
-1.271973e-02  -5.277814e-02  -4.180413e-02  9.902219e-01  5.878552e-02  1.028528e-01  -2.463271e-02  6.566844e-03  -5.213310e-03  -5.051468e-03  4.969334e-03  1.121912e-03  -1.589519e-03  5.451730e-05  1.068826e-04  -3.124845e-04  -9.576210e-05  1.159200e-04  3.088480e-05  3.005183e-06  
1.192656e-04  4.906151e-04  -2.792501e-03  -3.325020e-03  8.941089e-03  -1.230686e-02  3.330890e-02  -1.221701e-02  1.732961e-01  -2.266712e-01  9.507647e-01  -1.138700e-01  -2.722369e-03  5.818585e-04  -9.748544e-03  -7.257438e-03  1.466167e-03  1.261249e-03  4.917526e-05  5.180327e-04  
4.251843e-05  1.785709e-05  4.383968e-04  -1.087055e-03  2.572407e-04  1.537988e-03  -7.181006e-04  7.044251e-04  -7.951543e-03  -1.326983e-02  -1.566213e-03  1.030520e-02  -5.026816e-01  8.474894e-01  -4.382718e-02  1.621489e-01  -5.103732e-03  -1.980803e-02  9.320791e-03  -1.305972e-03  
-3.474693e-06  -7.916318e-04  7.723706e-04  -1.712041e-03  2.260987e-03  1.888177e-03  1.484482e-04  2.496573e-03  -6.750605e-04  7.077268e-04  3.136447e-03  2.741582e-02  -8.467129e-01  -5.153428e-01  9.120095e-02  9.138168e-02  -6.700876e-03  4.264170e-04  -9.469767e-04  -1.830216e-03  
***********************************


CHAIN[3] Eingenvector and value info: ************************************
MultiGaussian::printInfo:
Eigenvalues (we used scale = -1030792152):
4.565211e-07  --> sigma:  6.756635e-04  eigenvector w/o scale: 3.451956e-07    --> sigma: 5.875335e-04
7.322239e-06  --> sigma:  2.705964e-03  eigenvector w/o scale: 5.536665e-06    --> sigma: 2.353012e-03
1.937046e-05  --> sigma:  4.401188e-03  eigenvector w/o scale: 1.464685e-05    --> sigma: 3.827120e-03
1.032467e-04  --> sigma:  1.016104e-02  eigenvector w/o scale: 7.806937e-05    --> sigma: 8.835687e-03
2.680850e-04  --> sigma:  1.637330e-02  eigenvector w/o scale: 2.027108e-04    --> sigma: 1.423765e-02
6.660980e-04  --> sigma:  2.580888e-02  eigenvector w/o scale: 5.036658e-04    --> sigma: 2.244250e-02
3.317597e-03  --> sigma:  5.759859e-02  eigenvector w/o scale: 2.508580e-03    --> sigma: 5.008573e-02
4.130729e-03  --> sigma:  6.427075e-02  eigenvector w/o scale: 3.123425e-03    --> sigma: 5.588761e-02
2.635746e-02  --> sigma:  1.623498e-01  eigenvector w/o scale: 1.993003e-02    --> sigma: 1.411737e-01
6.559919e-02  --> sigma:  2.561234e-01  eigenvector w/o scale: 4.960241e-02    --> sigma: 2.227160e-01
1.129092e-01  --> sigma:  3.360197e-01  eigenvector w/o scale: 8.537560e-02    --> sigma: 2.921910e-01
3.090461e-01  --> sigma:  5.559191e-01  eigenvector w/o scale: 2.336832e-01    --> sigma: 4.834080e-01
7.257004e+00  --> sigma:  2.693883e+00  eigenvector w/o scale: 5.487338e+00    --> sigma: 2.342507e+00
9.069376e+00  --> sigma:  3.011540e+00  eigenvector w/o scale: 6.857751e+00    --> sigma: 2.618731e+00
3.250333e+01  --> sigma:  5.701169e+00  eigenvector w/o scale: 2.457719e+01    --> sigma: 4.957538e+00
4.177222e+01  --> sigma:  6.463143e+00  eigenvector w/o scale: 3.158580e+01    --> sigma: 5.620124e+00
2.578862e+02  --> sigma:  1.605884e+01  eigenvector w/o scale: 1.949991e+02    --> sigma: 1.396421e+01
5.543513e+02  --> sigma:  2.354467e+01  eigenvector w/o scale: 4.191693e+02    --> sigma: 2.047362e+01
2.111009e+03  --> sigma:  4.594572e+01  eigenvector w/o scale: 1.596226e+03    --> sigma: 3.995280e+01
9.537005e+03  --> sigma:  9.765759e+01  eigenvector w/o scale: 7.211346e+03    --> sigma: 8.491965e+01

Eigenvectors:
1.814015e-01  -4.398441e-01  8.370843e-01  2.685883e-02  -2.039241e-01  8.275656e-04  -2.413451e-02  -1.729186e-01  9.153240e-03  5.780281e-03  2.740586e-03  -2.271196e-03  -6.535112e-05  -9.330153e-06  -3.490454e-04  -2.822934e-04  8.480392e-06  -4.113301e-05  -2.701625e-06  4.196629e-06  
-9.813447e-01  -5.058310e-02  1.790919e-01  -2.309979e-03  -3.525397e-02  -3.204387e-02  2.137143e-03  6.964594e-03  1.185382e-03  -5.465740e-04  2.094353e-04  -3.535853e-04  2.932013e-05  4.673629e-05  -2.133784e-05  -2.005243e-05  4.571548e-05  -2.155485e-05  -2.105416e-06  -1.175443e-06  
4.753434e-02  -6.162349e-02  6.747803e-02  7.211738e-02  -1.998713e-01  -5.927392e-01  1.485855e-01  7.549670e-01  -1.236810e-02  -2.555533e-02  -4.072310e-03  4.769236e-03  5.084649e-04  2.817124e-04  8.350983e-04  9.075167e-04  6.971106e-04  -1.450756e-04  -2.261531e-05  -1.420022e-05  
1.834068e-03  1.172342e-02  2.001096e-02  -2.766734e-02  -1.714742e-02  4.182051e-02  -9.727480e-01  2.216014e-01  4.815186e-03  -3.721207e-03  3.545183e-02  -3.020614e-03  7.733098e-04  -4.413303e-04  -2.759590e-04  -7.894001e-04  6.987214e-05  1.143263e-06  8.939018e-05  -6.728932e-05  
-7.462699e-03  4.730743e-02  -3.640930e-02  -3.572234e-02  -5.935193e-01  6.965443e-01  1.269989e-01  3.748254e-01  4.149829e-04  -3.012708e-02  6.300449e-03  -9.620284e-03  1.245796e-03  -8.352182e-04  7.838487e-05  -4.157188e-04  3.777717e-04  -1.743304e-04  1.129407e-04  -2.479929e-05  
-9.771246e-03  1.250249e-01  -2.146805e-01  8.250098e-02  -7.484013e-01  -3.865417e-01  -1.126331e-01  -4.563123e-01  2.486292e-02  1.686831e-02  -1.436286e-03  -5.167735e-03  -4.569825e-03  -6.469361e-04  -2.571264e-04  -4.898990e-04  -9.546993e-05  -1.905866e-05  6.385500e-05  7.025139e-05  
6.487654e-07  7.008331e-06  -1.147034e-05  1.258815e-05  -3.004652e-05  -6.624225e-05  7.673783e-05  -5.746613e-05  1.657661e-04  -7.742781e-05  4.201040e-04  -1.490507e-03  3.111352e-03  -1.217086e-04  5.570386e-03  1.141293e-03  -3.258981e-02  1.115397e-02  5.300534e-02  -9.979777e-01  
-3.854740e-06  -1.646244e-05  5.071584e-05  -1.136445e-04  -1.191726e-04  3.426438e-05  -6.531190e-05  4.144514e-05  -8.707722e-04  -1.414506e-03  -1.790732e-03  -4.770178e-03  -7.011588e-03  1.908183e-02  3.059790e-02  1.386707e-02  7.273385e-02  9.951443e-01  -5.281728e-02  6.110638e-03  
-5.693459e-06  -1.015308e-05  1.132722e-06  -3.731904e-06  -2.202602e-04  2.229237e-05  -1.434866e-05  3.065640e-04  1.223024e-03  -4.725186e-04  6.714790e-04  1.549071e-03  6.620936e-04  7.622590e-03  7.237113e-03  4.664710e-04  -4.222108e-01  -1.735639e-02  -9.056120e-01  -3.446562e-02  
-2.350290e-05  3.432904e-05  -1.547181e-04  4.433617e-04  -3.433812e-04  5.713666e-06  -3.248128e-04  -2.595928e-05  7.098504e-05  7.048197e-04  -1.993712e-03  -4.947882e-03  7.528879e-02  -1.245478e-01  -7.025647e-01  6.952476e-01  -3.714576e-02  1.809689e-02  1.074497e-02  -8.840000e-04  
-1.396561e-05  -4.165488e-05  4.978386e-05  -5.993445e-05  -2.568907e-04  1.947901e-05  2.835511e-04  9.442317e-04  9.297353e-03  4.129623e-03  2.660886e-03  1.657824e-02  6.512666e-03  2.303544e-03  3.192789e-02  -2.474809e-02  -9.019661e-01  8.720258e-02  4.171405e-01  5.273206e-02  
-1.536888e-05  1.010828e-04  -4.939549e-06  4.309784e-04  -4.468796e-04  4.234769e-04  -4.014145e-04  -1.056846e-03  1.997902e-02  2.211239e-03  1.092009e-02  8.789716e-03  1.541075e-01  -5.510011e-03  7.026191e-01  6.935060e-01  6.336110e-03  -3.029894e-02  3.529924e-03  4.832586e-03  
-6.398031e-04  -2.484525e-03  -9.895839e-04  -2.137255e-03  -1.975296e-02  3.363451e-03  5.258157e-03  2.913282e-03  -7.839801e-01  5.423930e-01  2.842694e-01  9.892678e-02  5.290702e-03  2.527183e-03  6.560236e-03  7.382763e-03  -2.613593e-03  9.609416e-04  3.264641e-04  -2.513765e-05  
2.232969e-04  1.186320e-03  2.344131e-03  -5.448799e-03  -5.596217e-03  -9.061498e-03  -1.257205e-02  -4.346552e-02  -5.359893e-01  -7.942307e-01  -5.872012e-02  2.752678e-01  1.667044e-02  -1.166812e-02  6.437389e-03  5.046641e-03  -3.384125e-03  2.500007e-05  1.656136e-03  -1.671771e-04  
2.830291e-04  -1.944153e-05  8.831038e-04  4.285299e-05  5.033617e-03  -8.675460e-03  -3.889879e-03  -8.555901e-03  -2.580652e-01  -1.466302e-01  -1.014602e-01  -9.487123e-01  -2.302233e-02  -8.308271e-03  1.646900e-02  9.817586e-03  -1.819252e-02  -4.146158e-03  6.550261e-03  2.271381e-03  
-3.846529e-02  -8.828252e-01  -4.616118e-01  -6.808147e-02  -2.391253e-02  1.975862e-02  -1.907355e-02  -9.008066e-03  1.744348e-03  -2.754919e-03  -1.135340e-03  -5.108163e-04  2.962674e-04  2.877510e-04  2.731991e-05  5.435920e-06  1.287982e-05  -1.491095e-05  1.266920e-05  -1.395958e-06  
-1.271973e-02  -5.277814e-02  -4.180413e-02  9.902219e-01  5.878552e-02  1.028528e-01  -2.463271e-02  6.566844e-03  -5.213310e-03  -5.051468e-03  4.969334e-03  1.121912e-03  -1.589519e-03  5.451730e-05  1.068826e-04  -3.124845e-04  -9.576210e-05  1.159200e-04  3.088480e-05  3.005183e-06  
1.192656e-04  4.906151e-04  -2.792501e-03  -3.325020e-03  8.941089e-03  -1.230686e-02  3.330890e-02  -1.221701e-02  1.732961e-01  -2.266712e-01  9.507647e-01  -1.138700e-01  -2.722369e-03  5.818585e-04  -9.748544e-03  -7.257438e-03  1.466167e-03  1.261249e-03  4.917526e-05  5.180327e-04  
4.251843e-05  1.785709e-05  4.383968e-04  -1.087055e-03  2.572407e-04  1.537988e-03  -7.181006e-04  7.044251e-04  -7.951543e-03  -1.326983e-02  -1.566213e-03  1.030520e-02  -5.026816e-01  8.474894e-01  -4.382718e-02  1.621489e-01  -5.103732e-03  -1.980803e-02  9.320791e-03  -1.305972e-03  
-3.474693e-06  -7.916318e-04  7.723706e-04  -1.712041e-03  2.260987e-03  1.888177e-03  1.484482e-04  2.496573e-03  -6.750605e-04  7.077268e-04  3.136447e-03  2.741582e-02  -8.467129e-01  -5.153428e-01  9.120095e-02  9.138168e-02  -6.700876e-03  4.264170e-04  -9.469767e-04  -1.830216e-03  
***********************************


CHAIN[4] Eingenvector and value info: ************************************
MultiGaussian::printInfo:
Eigenvalues (we used scale = -322981542):
2.236954e-07  --> sigma:  4.729644e-04  eigenvector w/o scale: 3.451956e-07    --> sigma: 5.875335e-04
3.587897e-06  --> sigma:  1.894175e-03  eigenvector w/o scale: 5.536665e-06    --> sigma: 2.353012e-03
9.491523e-06  --> sigma:  3.080832e-03  eigenvector w/o scale: 1.464685e-05    --> sigma: 3.827120e-03
5.059090e-05  --> sigma:  7.112728e-03  eigenvector w/o scale: 7.806937e-05    --> sigma: 8.835687e-03
1.313617e-04  --> sigma:  1.146131e-02  eigenvector w/o scale: 2.027108e-04    --> sigma: 1.423765e-02
3.263880e-04  --> sigma:  1.806621e-02  eigenvector w/o scale: 5.036658e-04    --> sigma: 2.244250e-02
1.625623e-03  --> sigma:  4.031901e-02  eigenvector w/o scale: 2.508580e-03    --> sigma: 5.008573e-02
2.024057e-03  --> sigma:  4.498952e-02  eigenvector w/o scale: 3.123425e-03    --> sigma: 5.588761e-02
1.291516e-02  --> sigma:  1.136449e-01  eigenvector w/o scale: 1.993003e-02    --> sigma: 1.411737e-01
3.214360e-02  --> sigma:  1.792864e-01  eigenvector w/o scale: 4.960241e-02    --> sigma: 2.227160e-01
5.532552e-02  --> sigma:  2.352138e-01  eigenvector w/o scale: 8.537560e-02    --> sigma: 2.921910e-01
1.514326e-01  --> sigma:  3.891434e-01  eigenvector w/o scale: 2.336832e-01    --> sigma: 4.834080e-01
3.555932e+00  --> sigma:  1.885718e+00  eigenvector w/o scale: 5.487338e+00    --> sigma: 2.342507e+00
4.443994e+00  --> sigma:  2.108078e+00  eigenvector w/o scale: 6.857751e+00    --> sigma: 2.618731e+00
1.592663e+01  --> sigma:  3.990818e+00  eigenvector w/o scale: 2.457719e+01    --> sigma: 4.957538e+00
2.046839e+01  --> sigma:  4.524200e+00  eigenvector w/o scale: 3.158580e+01    --> sigma: 5.620124e+00
1.263643e+02  --> sigma:  1.124119e+01  eigenvector w/o scale: 1.949991e+02    --> sigma: 1.396421e+01
2.716322e+02  --> sigma:  1.648127e+01  eigenvector w/o scale: 4.191693e+02    --> sigma: 2.047362e+01
1.034395e+03  --> sigma:  3.216201e+01  eigenvector w/o scale: 1.596226e+03    --> sigma: 3.995280e+01
4.673133e+03  --> sigma:  6.836031e+01  eigenvector w/o scale: 7.211346e+03    --> sigma: 8.491965e+01

Eigenvectors:
1.814015e-01  -4.398441e-01  8.370843e-01  2.685883e-02  -2.039241e-01  8.275656e-04  -2.413451e-02  -1.729186e-01  9.153240e-03  5.780281e-03  2.740586e-03  -2.271196e-03  -6.535112e-05  -9.330153e-06  -3.490454e-04  -2.822934e-04  8.480392e-06  -4.113301e-05  -2.701625e-06  4.196629e-06  
-9.813447e-01  -5.058310e-02  1.790919e-01  -2.309979e-03  -3.525397e-02  -3.204387e-02  2.137143e-03  6.964594e-03  1.185382e-03  -5.465740e-04  2.094353e-04  -3.535853e-04  2.932013e-05  4.673629e-05  -2.133784e-05  -2.005243e-05  4.571548e-05  -2.155485e-05  -2.105416e-06  -1.175443e-06  
4.753434e-02  -6.162349e-02  6.747803e-02  7.211738e-02  -1.998713e-01  -5.927392e-01  1.485855e-01  7.549670e-01  -1.236810e-02  -2.555533e-02  -4.072310e-03  4.769236e-03  5.084649e-04  2.817124e-04  8.350983e-04  9.075167e-04  6.971106e-04  -1.450756e-04  -2.261531e-05  -1.420022e-05  
1.834068e-03  1.172342e-02  2.001096e-02  -2.766734e-02  -1.714742e-02  4.182051e-02  -9.727480e-01  2.216014e-01  4.815186e-03  -3.721207e-03  3.545183e-02  -3.020614e-03  7.733098e-04  -4.413303e-04  -2.759590e-04  -7.894001e-04  6.987214e-05  1.143263e-06  8.939018e-05  -6.728932e-05  
-7.462699e-03  4.730743e-02  -3.640930e-02  -3.572234e-02  -5.935193e-01  6.965443e-01  1.269989e-01  3.748254e-01  4.149829e-04  -3.012708e-02  6.300449e-03  -9.620284e-03  1.245796e-03  -8.352182e-04  7.838487e-05  -4.157188e-04  3.777717e-04  -1.743304e-04  1.129407e-04  -2.479929e-05  
-9.771246e-03  1.250249e-01  -2.146805e-01  8.250098e-02  -7.484013e-01  -3.865417e-01  -1.126331e-01  -4.563123e-01  2.486292e-02  1.686831e-02  -1.436286e-03  -5.167735e-03  -4.569825e-03  -6.469361e-04  -2.571264e-04  -4.898990e-04  -9.546993e-05  -1.905866e-05  6.385500e-05  7.025139e-05  
6.487654e-07  7.008331e-06  -1.147034e-05  1.258815e-05  -3.004652e-05  -6.624225e-05  7.673783e-05  -5.746613e-05  1.657661e-04  -7.742781e-05  4.201040e-04  -1.490507e-03  3.111352e-03  -1.217086e-04  5.570386e-03  1.141293e-03  -3.258981e-02  1.115397e-02  5.300534e-02  -9.979777e-01  
-3.854740e-06  -1.646244e-05  5.071584e-05  -1.136445e-04  -1.191726e-04  3.426438e-05  -6.531190e-05  4.144514e-05  -8.707722e-04  -1.414506e-03  -1.790732e-03  -4.770178e-03  -7.011588e-03  1.908183e-02  3.059790e-02  1.386707e-02  7.273385e-02  9.951443e-01  -5.281728e-02  6.110638e-03  
-5.693459e-06  -1.015308e-05  1.132722e-06  -3.731904e-06  -2.202602e-04  2.229237e-05  -1.434866e-05  3.065640e-04  1.223024e-03  -4.725186e-04  6.714790e-04  1.549071e-03  6.620936e-04  7.622590e-03  7.237113e-03  4.664710e-04  -4.222108e-01  -1.735639e-02  -9.056120e-01  -3.446562e-02  
-2.350290e-05  3.432904e-05  -1.547181e-04  4.433617e-04  -3.433812e-04  5.713666e-06  -3.248128e-04  -2.595928e-05  7.098504e-05  7.048197e-04  -1.993712e-03  -4.947882e-03  7.528879e-02  -1.245478e-01  -7.025647e-01  6.952476e-01  -3.714576e-02  1.809689e-02  1.074497e-02  -8.840000e-04  
-1.396561e-05  -4.165488e-05  4.978386e-05  -5.993445e-05  -2.568907e-04  1.947901e-05  2.835511e-04  9.442317e-04  9.297353e-03  4.129623e-03  2.660886e-03  1.657824e-02  6.512666e-03  2.303544e-03  3.192789e-02  -2.474809e-02  -9.019661e-01  8.720258e-02  4.171405e-01  5.273206e-02  
-1.536888e-05  1.010828e-04  -4.939549e-06  4.309784e-04  -4.468796e-04  4.234769e-04  -4.014145e-04  -1.056846e-03  1.997902e-02  2.211239e-03  1.092009e-02  8.789716e-03  1.541075e-01  -5.510011e-03  7.026191e-01  6.935060e-01  6.336110e-03  -3.029894e-02  3.529924e-03  4.832586e-03  
-6.398031e-04  -2.484525e-03  -9.895839e-04  -2.137255e-03  -1.975296e-02  3.363451e-03  5.258157e-03  2.913282e-03  -7.839801e-01  5.423930e-01  2.842694e-01  9.892678e-02  5.290702e-03  2.527183e-03  6.560236e-03  7.382763e-03  -2.613593e-03  9.609416e-04  3.264641e-04  -2.513765e-05  
2.232969e-04  1.186320e-03  2.344131e-03  -5.448799e-03  -5.596217e-03  -9.061498e-03  -1.257205e-02  -4.346552e-02  -5.359893e-01  -7.942307e-01  -5.872012e-02  2.752678e-01  1.667044e-02  -1.166812e-02  6.437389e-03  5.046641e-03  -3.384125e-03  2.500007e-05  1.656136e-03  -1.671771e-04  
2.830291e-04  -1.944153e-05  8.831038e-04  4.285299e-05  5.033617e-03  -8.675460e-03  -3.889879e-03  -8.555901e-03  -2.580652e-01  -1.466302e-01  -1.014602e-01  -9.487123e-01  -2.302233e-02  -8.308271e-03  1.646900e-02  9.817586e-03  -1.819252e-02  -4.146158e-03  6.550261e-03  2.271381e-03  
-3.846529e-02  -8.828252e-01  -4.616118e-01  -6.808147e-02  -2.391253e-02  1.975862e-02  -1.907355e-02  -9.008066e-03  1.744348e-03  -2.754919e-03  -1.135340e-03  -5.108163e-04  2.962674e-04  2.877510e-04  2.731991e-05  5.435920e-06  1.287982e-05  -1.491095e-05  1.266920e-05  -1.395958e-06  
-1.271973e-02  -5.277814e-02  -4.180413e-02  9.902219e-01  5.878552e-02  1.028528e-01  -2.463271e-02  6.566844e-03  -5.213310e-03  -5.051468e-03  4.969334e-03  1.121912e-03  -1.589519e-03  5.451730e-05  1.068826e-04  -3.124845e-04  -9.576210e-05  1.159200e-04  3.088480e-05  3.005183e-06  
1.192656e-04  4.906151e-04  -2.792501e-03  -3.325020e-03  8.941089e-03  -1.230686e-02  3.330890e-02  -1.221701e-02  1.732961e-01  -2.266712e-01  9.507647e-01  -1.138700e-01  -2.722369e-03  5.818585e-04  -9.748544e-03  -7.257438e-03  1.466167e-03  1.261249e-03  4.917526e-05  5.180327e-04  
