# step param_0 param_1 param_2 param_3 param_4 param_5 param_6 param_7 param_8 param_9 param_10 param_11 param_12 param_13 param_14 param_15 param_16 param_17 param_18 param_19 param_20 param_21 param_22 param_23 param_24 param_25 loglike
0 1.595090e-01 2.294994e-02 6.986769e-01 1.052589e-01 9.999134e-01 2.848632e+00 -5.446140e-04 -1.252303e+00 -1.078683e-02 1.002839e+00 2.997093e+00 -1.136430e-04 2.001767e+02 5.471354e+01 1.291449e+02 9.952060e+00 5.116089e+01 9.833860e+00 5.025198e-01 4.998008e-01 5.104786e-01 1.000203e+00 1.001598e+00 4.956477e-01 5.024866e+00 -3.666872e-02 -8.453448e+03
1 1.593717e-01 2.293994e-02 6.995229e-01 1.074632e-01 9.996711e-01 2.847816e+00 -5.557856e-04 -1.250875e+00 8.438572e-04 1.006819e+00 2.999263e+00 -1.404755e-05 2.042180e+02 5.313654e+01 1.296639e+02 9.867004e+00 4.978312e+01 9.664514e+00 5.066328e-01 4.977679e-01 5.175894e-01 1.000571e+00 1.002458e+00 4.939418e-01 5.056638e+00 -1.479778e-02 -8.375504e+03
2 1.593717e-01 2.293994e-02 6.995229e-01 1.074632e-01 9.996711e-01 2.847816e+00 -5.557856e-04 -1.250875e+00 8.438572e-04 1.006819e+00 2.999263e+00 -1.404755e-05 2.042180e+02 5.313654e+01 1.296639e+02 9.867004e+00 4.978312e+01 9.664514e+00 5.066328e-01 4.977679e-01 5.175894e-01 1.000571e+00 1.002458e+00 4.939418e-01 5.056638e+00 -1.479778e-02 -8.375504e+03
3 1.593717e-01 2.293994e-02 6.995229e-01 1.074632e-01 9.996711e-01 2.847816e+00 -5.557856e-04 -1.250875e+00 8.438572e-04 1.006819e+00 2.999263e+00 -1.404755e-05 2.042180e+02 5.313654e+01 1.296639e+02 9.867004e+00 4.978312e+01 9.664514e+00 5.066328e-01 4.977679e-01 5.175894e-01 1.000571e+00 1.002458e+00 4.939418e-01 5.056638e+00 -1.479778e-02 -8.375504e+03
4 1.593717e-01 2.293994e-02 6.995229e-01 1.074632e-01 9.996711e-01 2.847816e+00 -5.557856e-04 -1.250875e+00 8.438572e-04 1.006819e+00 2.999263e+00 -1.404755e-05 2.042180e+02 5.313654e+01 1.296639e+02 9.867004e+00 4.978312e+01 9.664514e+00 5.066328e-01 4.977679e-01 5.175894e-01 1.000571e+00 1.002458e+00 4.939418e-01 5.056638e+00 -1.479778e-02 -8.375504e+03
5 1.593717e-01 2.293994e-02 6.995229e-01 1.074632e-01 9.996711e-01 2.847816e+00 -5.557856e-04 -1.250875e+00 8.438572e-04 1.006819e+00 2.999263e+00 -1.404755e-05 2.042180e+02 5.313654e+01 1.296639e+02 9.867004e+00 4.978312e+01 9.664514e+00 5.066328e-01 4.977679e-01 5.175894e-01 1.000571e+00 1.002458e+00 4.939418e-01 5.056638e+00 -1.479778e-02 -8.375504e+03
6 1.595348e-01 2.297489e-02 7.011820e-01 1.090688e-01 9.991501e-01 2.851678e+00 -1.299784e-04 -1.253823e+00 -1.303771e-03 1.006436e+00 2.993020e+00 -7.452830e-05 1.997542e+02 5.352595e+01 1.287587e+02 9.695281e+00 4.867978e+01 9.615405e+00 5.069564e-01 5.044090e-01 5.065211e-01 1.001069e+00 1.003089e+00 4.944721e-01 5.118888e+00 -3.784593e-02 -8.267591e+03
7 1.590736e-01 2.294274e-02 6.999425e-01 1.078638e-01 9.975054e-01 2.851855e+00 -2.956411e-04 -1.255650e+00 -1.656976e-03 1.004477e+00 2.989053e+00 -5.323721e-04 1.981751e+02 5.370022e+01 1.261033e+02 9.906966e+00 4.956014e+01 9.491122e+00 4.954966e-01 5.062277e-01 5.086731e-01 1.001117e+00 1.002341e+00 5.109054e-01 5.057092e+00 -5.853276e-02 -8.238678e+03
8 1.594119e-01 2.296008e-02 6.994256e-01 1.042181e-01 9.985557e-01 2.853198e+00 -2.741889e-04 -1.255286e+00 -1.206102e-02 1.008906e+00 2.985184e+00 -3.747953e-04 1.951625e+02 5.260645e+01 1.245218e+02 9.942808e+00 4.868563e+01 9.184707e+00 4.939099e-01 5.081349e-01 5.169767e-01 1.002149e+00 1.002476e+00 5.049253e-01 5.087163e+00 -9.804092e-02 -8.125827e+03
9 1.594058e-01 2.293989e-02 6.996185e-01 1.049163e-01 9.983423e-01 2.853848e+00 -2.419185e-04 -1.258867e+00 -2.102162e-02 1.006274e+00 2.988634e+00 3.672534e-04 1.966921e+02 5.254082e+01 1.219326e+02 9.962841e+00 4.785436e+01 9.470710e+00 4.888196e-01 5.066944e-01 5.176655e-01 1.002311e+00 1.003645e+00 5.219159e-01 5.023421e+00 -1.212825e-01 -8.101553e+03
10 1.594058e-01 2.293989e-02 6.996185e-01 1.049163e-01 9.983423e-01 2.853848e+00 -2.419185e-04 -1.258867e+00 -2.102162e-02 1.006274e+00 2.988634e+00 3.672534e-04 1.966921e+02 5.254082e+01 1.219326e+02 9.962841e+00 4.785436e+01 9.470710e+00 4.888196e-01 5.066944e-01 5.176655e-01 1.002311e+00 1.003645e+00 5.219159e-01 5.023421e+00 -1.212825e-01 -8.101553e+03
11 1.594058e-01 2.293989e-02 6.996185e-01 1.049163e-01 9.983423e-01 2.853848e+00 -2.419185e-04 -1.258867e+00 -2.102162e-02 1.006274e+00 2.988634e+00 3.672534e-04 1.966921e+02 5.254082e+01 1.219326e+02 9.962841e+00 4.785436e+01 9.470710e+00 4.888196e-01 5.066944e-01 5.176655e-01 1.002311e+00 1.003645e+00 5.219159e-01 5.023421e+00 -1.212825e-01 -8.101553e+03
12 1.590206e-01 2.288764e-02 6.981065e-01 1.068144e-01 9.995246e-01 2.854002e+00 -2.174276e-04 -1.253803e+00 -1.266091e-02 1.002435e+00 2.990888e+00 5.526462e-04 1.999372e+02 5.425469e+01 1.203705e+02 9.555644e+00 4.821519e+01 9.505485e+00 4.898154e-01 5.138725e-01 5.006924e-01 1.001824e+00 1.003490e+00 5.208804e-01 4.923288e+00 -1.192188e-01 -8.038379e+03
13 1.590206e-01 2.288764e-02 6.981065e-01 1.068144e-01 9.995246e-01 2.854002e+00 -2.174276e-04 -1.253803e+00 -1.266091e-02 1.002435e+00 2.990888e+00 5.526462e-04 1.999372e+02 5.425469e+01 1.203705e+02 9.555644e+00 4.821519e+01 9.505485e+00 4.898154e-01 5.138725e-01 5.006924e-01 1.001824e+00 1.003490e+00 5.208804e-01 4.923288e+00 -1.192188e-01 -8.038379e+03
14 1.591148e-01 2.291118e-02 6.979470e-01 1.075125e-01 9.995997e-01 2.853908e+00 -5.927900e-04 -1.257986e+00 -1.876952e-02 9.965913e-01 2.993818e+00 -2.933035e-04 2.026986e+02 5.190563e+01 1.204591e+02 9.492459e+00 4.758851e+01 9.489853e+00 4.880047e-01 5.127336e-01 4.876202e-01 1.001958e+00 1.004147e+00 5.140788e-01 4.981717e+00 -1.525091e-01 -8.039540e+03
15 1.591148e-01 2.291118e-02 6.979470e-01 1.075125e-01 9.995997e-01 2.853908e+00 -5.927900e-04 -1.257986e+00 -1.876952e-02 9.965913e-01 2.993818e+00 -2.933035e-04 2.026986e+02 5.190563e+01 1.204591e+02 9.492459e+00 4.758851e+01 9.489853e+00 4.880047e-01 5.127336e-01 4.876202e-01 1.001958e+00 1.004147e+00 5.140788e-01 4.981717e+00 -1.525091e-01 -8.039540e+03
16 1.591148e-01 2.291118e-02 6.979470e-01 1.075125e-01 9.995997e-01 2.853908e+00 -5.927900e-04 -1.257986e+00 -1.876952e-02 9.965913e-01 2.993818e+00 -2.933035e-04 2.026986e+02 5.190563e+01 1.204591e+02 9.492459e+00 4.758851e+01 9.489853e+00 4.880047e-01 5.127336e-01 4.876202e-01 1.001958e+00 1.004147e+00 5.140788e-01 4.981717e+00 -1.525091e-01 -8.039540e+03
17 1.591148e-01 2.291118e-02 6.979470e-01 1.075125e-01 9.995997e-01 2.853908e+00 -5.927900e-04 -1.257986e+00 -1.876952e-02 9.965913e-01 2.993818e+00 -2.933035e-04 2.026986e+02 5.190563e+01 1.204591e+02 9.492459e+00 4.758851e+01 9.489853e+00 4.880047e-01 5.127336e-01 4.876202e-01 1.001958e+00 1.004147e+00 5.140788e-01 4.981717e+00 -1.525091e-01 -8.039540e+03
18 1.586160e-01 2.296461e-02 6.971714e-01 1.110568e-01 1.000740e+00 2.853228e+00 -1.350700e-03 -1.255798e+00 -2.799241e-02 9.966583e-01 3.000045e+00 -3.989696e-05 2.061642e+02 5.099534e+01 1.187861e+02 8.968136e+00 4.743134e+01 9.556098e+00 4.895229e-01 5.137973e-01 5.015111e-01 1.001628e+00 1.004038e+00 5.086210e-01 4.960456e+00 -1.271173e-01 -7.891855e+03
19 1.583122e-01 2.295816e-02 6.984449e-01 1.114751e-01 1.000189e+00 2.852721e+00 -1.210271e-03 -1.251481e+00 -3.903885e-02 9.957259e-01 3.002157e+00 -8.215085e-04 2.058255e+02 5.105148e+01 1.185836e+02 9.029131e+00 4.661544e+01 9.468820e+00 4.978992e-01 5.084742e-01 5.148692e-01 1.000832e+00 1.002984e+00 5.017130e-01 4.946779e+00 -1.839883e-01 -7.782572e+03
20 1.576536e-01 2.294033e-02 6.985556e-01 1.138518e-01 1.000966e+00 2.852096e+00 -1.583914e-03 -1.249914e+00 -4.582443e-02 9.962576e-01 2.999976e+00 -2.339467e-04 2.073320e+02 5.152290e+01 1.200120e+02 8.812871e+00 4.780317e+01 9.097970e+00 5.052764e-01 5.068553e-01 5.171833e-01 1.000799e+00 1.002782e+00 5.078383e-01 4.778888e+00 -2.026571e-01 -7.769082e+03
21 1.577893e-01 2.296465e-02 6.969479e-01 1.131671e-01 1.000116e+00 2.852346e+00 -1.608637e-03 -1.246702e+00 -3.756900e-02 9.903431e-01 3.003765e+00 7.988569e-06 2.075753e+02 5.086442e+01 1.174295e+02 9.024636e+00 4.870182e+01 9.160652e+00 5.052489e-01 5.137364e-01 5.356377e-01 1.000948e+00 1.004047e+00 5.092184e-01 4.663653e+00 -1.902923e-01 -7.723410e+03
22 1.577893e-01 2.296465e-02 6.969479e-01 1.131671e-01 1.000116e+00 2.852346e+00 -1.608637e-03 -1.246702e+00 -3.756900e-02 9.903431e-01 3.003765e+00 7.988569e-06 2.075753e+02 5.086442e+01 1.174295e+02 9.024636e+00 4.870182e+01 9.160652e+00 5.052489e-01 5.137364e-01 5.356377e-01 1.000948e+00 1.004047e+00 5.092184e-01 4.663653e+00 -1.902923e-01 -7.723410e+03
23 1.579055e-01 2.296574e-02 6.949082e-01 1.134582e-01 9.998130e-01 2.852794e+00 -1.571343e-03 -1.236756e+00 -3.911319e-02 9.983267e-01 3.002414e+00 -1.435780e-04 2.119671e+02 5.046699e+01 1.167963e+02 9.229104e+00 4.835003e+01 9.356429e+00 5.007027e-01 5.148603e-01 5.250631e-01 1.001810e+00 1.002740e+00 5.036179e-01 4.664876e+00 -1.879754e-01 -7.692486e+03
24 1.579055e-01 2.296574e-02 6.949082e-01 1.134582e-01 9.998130e-01 2.852794e+00 -1.571343e-03 -1.236756e+00 -3.911319e-02 9.983267e-01 3.002414e+00 -1.435780e-04 2.119671e+02 5.046699e+01 1.167963e+02 9.229104e+00 4.835003e+01 9.356429e+00 5.007027e-01 5.148603e-01 5.250631e-01 1.001810e+00 1.002740e+00 5.036179e-01 4.664876e+00 -1.879754e-01 -7.692486e+03
25 1.579055e-01 2.296574e-02 6.949082e-01 1.134582e-01 9.998130e-01 2.852794e+00 -1.571343e-03 -1.236756e+00 -3.911319e-02 9.983267e-01 3.002414e+00 -1.435780e-04 2.119671e+02 5.046699e+01 1.167963e+02 9.229104e+00 4.835003e+01 9.356429e+00 5.007027e-01 5.148603e-01 5.250631e-01 1.001810e+00 1.002740e+00 5.036179e-01 4.664876e+00 -1.879754e-01 -7.692486e+03
26 1.580257e-01 2.294597e-02 6.937123e-01 1.151462e-01 9.987020e-01 2.852373e+00 -1.256630e-03 -1.234399e+00 -3.622807e-02 9.996425e-01 3.002403e+00 -2.508519e-04 2.104495e+02 5.104031e+01 1.176838e+02 9.414962e+00 4.708104e+01 9.255921e+00 5.012317e-01 5.153982e-01 5.126713e-01 1.001492e+00 1.002948e+00 5.049682e-01 4.727066e+00 -1.556147e-01 -7.651510e+03
27 1.569097e-01 2.293004e-02 6.947549e-01 1.150055e-01 9.985809e-01 2.852129e+00 -1.907632e-03 -1.237767e+00 -3.526754e-02 1.003340e+00 2.995773e+00 -1.637341e-04 2.120894e+02 5.084355e+01 1.198067e+02 9.128678e+00 4.606959e+01 9.840729e+00 4.984855e-01 5.091063e-01 5.141267e-01 1.001199e+00 1.002663e+00 5.065493e-01 4.632013e+00 -1.206963e-01 -7.567183e+03
28 1.569097e-01 2.293004e-02 6.947549e-01 1.150055e-01 9.985809e-01 2.852129e+00 -1.907632e-03 -1.237767e+00 -3.526754e-02 1.003340e+00 2.995773e+00 -1.637341e-04 2.120894e+02 5.084355e+01 1.198067e+02 9.128678e+00 4.606959e+01 9.840729e+00 4.984855e-01 5.091063e-01 5.141267e-01 1.001199e+00 1.002663e+00 5.065493e-01 4.632013e+00 -1.206963e-01 -7.567183e+03
29 1.569097e-01 2.293004e-02 6.947549e-01 1.150055e-01 9.985809e-01 2.852129e+00 -1.907632e-03 -1.237767e+00 -3.526754e-02 1.003340e+00 2.995773e+00 -1.637341e-04 2.120894e+02 5.084355e+01 1.198067e+02 9.128678e+00 4.606959e+01 9.840729e+00 4.984855e-01 5.091063e-01 5.141267e-01 1.001199e+00 1.002663e+00 5.065493e-01 4.632013e+00 -1.206963e-01 -7.567183e+03
30 1.569097e-01 2.293004e-02 6.947549e-01 1.150055e-01 9.985809e-01 2.852129e+00 -1.907632e-03 -1.237767e+00 -3.526754e-02 1.003340e+00 2.995773e+00 -1.637341e-04 2.120894e+02 5.084355e+01 1.198067e+02 9.128678e+00 4.606959e+01 9.840729e+00 4.984855e-01 5.091063e-01 5.141267e-01 1.001199e+00 1.002663e+00 5.065493e-01 4.632013e+00 -1.206963e-01 -7.567183e+03
31 1.556985e-01 2.295245e-02 6.950351e-01 1.159806e-01 9.979904e-01 2.851727e+00 -1.436785e-03 -1.235061e+00 -3.290246e-02 1.005183e+00 3.003459e+00 -4.265765e-04 2.116657e+02 5.169902e+01 1.246878e+02 9.130548e+00 4.440297e+01 9.987705e+00 4.969093e-01 5.030717e-01 5.066830e-01 1.001025e+00 1.003339e+00 5.184110e-01 4.747652e+00 -8.232873e-02 -7.433933e+03
32 1.556985e-01 2.295245e-02 6.950351e-01 1.159806e-01 9.979904e-01 2.851727e+00 -1.436785e-03 -1.235061e+00 -3.290246e-02 1.005183e+00 3.003459e+00 -4.265765e-04 2.116657e+02 5.169902e+01 1.246878e+02 9.130548e+00 4.440297e+01 9.987705e+00 4.969093e-01 5.030717e-01 5.066830e-01 1.001025e+00 1.003339e+00 5.184110e-01 4.747652e+00 -8.232873e-02 -7.433933e+03
33 1.558520e-01 2.296345e-02 6.948570e-01 1.173121e-01 9.972059e-01 2.851621e+00 -2.312306e-03 -1.229717e+00 -3.193133e-02 1.008431e+00 3.004093e+00 -4.630894e-04 2.125987e+02 5.160556e+01 1.215331e+02 9.465151e+00 4.277002e+01 1.033922e+01 4.959954e-01 5.013675e-01 5.040152e-01 1.001052e+00 1.005822e+00 5.123249e-01 4.655618e+00 -1.075282e-01 -7.373789e+03
34 1.554813e-01 2.295002e-02 6.922634e-01 1.183432e-01 9.979058e-01 2.851256e+00 -2.590556e-03 -1.228539e+00 -3.755037e-02 1.008079e+00 3.003874e+00 -3.600474e-04 2.096815e+02 5.370254e+01 1.216005e+02 9.596076e+00 4.282627e+01 1.067121e+01 4.998689e-01 5.030201e-01 5.016009e-01 1.000883e+00 1.006184e+00 4.965604e-01 4.618232e+00 -1.485527e-01 -7.277794e+03
35 1.554813e-01 2.295002e-02 6.922634e-01 1.183432e-01 9.979058e-01 2.851256e+00 -2.590556e-03 -1.228539e+00 -3.755037e-02 1.008079e+00 3.003874e+00 -3.600474e-04 2.096815e+02 5.370254e+01 1.216005e+02 9.596076e+00 4.282627e+01 1.067121e+01 4.998689e-01 5.030201e-01 5.016009e-01 1.000883e+00 1.006184e+00 4.965604e-01 4.618232e+00 -1.485527e-01 -7.277794e+03
36 1.549413e-01 2.302329e-02 6.922223e-01 1.190220e-01 9.990776e-01 2.852452e+00 -2.691601e-03 -1.226993e+00 -3.561316e-02 1.012374e+00 3.008265e+00 4.099833e-05 2.078615e+02 5.336794e+01 1.219424e+02 9.444852e+00 4.355424e+01 1.050692e+01 5.045574e-01 5.087164e-01 4.894084e-01 1.001331e+00 1.006267e+00 4.975267e-01 4.692537e+00 -1.203857e-01 -7.206752e+03
37 1.549413e-01 2.302329e-02 6.922223e-01 1.190220e-01 9.990776e-01 2.852452e+00 -2.691601e-03 -1.226993e+00 -3.561316e-02 1.012374e+00 3.008265e+00 4.099833e-05 2.078615e+02 5.336794e+01 1.219424e+02 9.444852e+00 4.355424e+01 1.050692e+01 5.045574e-01 5.087164e-01 4.894084e-01 1.001331e+00 1.006267e+00 4.975267e-01 4.692537e+00 -1.203857e-01 -7.206752e+03
38 1.549413e-01 2.302329e-02 6.922223e-01 1.190220e-01 9.990776e-01 2.852452e+00 -2.691601e-03 -1.226993e+00 -3.561316e-02 1.012374e+00 3.008265e+00 4.099833e-05 2.078615e+02 5.336794e+01 1.219424e+02 9.444852e+00 4.355424e+01 1.050692e+01 5.045574e-01 5.087164e-01 4.894084e-01 1.001331e+00 1.006267e+00 4.975267e-01 4.692537e+00 -1.203857e-01 -7.206752e+03
39 1.547388e-01 2.307120e-02 6.916888e-01 1.209095e-01 1.000296e+00 2.853278e+00 -2.832864e-03 -1.227170e+00 -3.579425e-02 1.010462e+00 3.012012e+00 6.433509e-04 2.062278e+02 5.370291e+01 1.230924e+02 9.226545e+00 4.416557e+01 1.059398e+01 5.048476e-01 5.096277e-01 4.943078e-01 1.001967e+00 1.005365e+00 4.909135e-01 4.634495e+00 -1.910480e-01 -7.173720e+03
40 1.543527e-01 2.309426e-02 6.918337e-01 1.191121e-01 1.000329e+00 2.853440e+00 -2.980617e-03 -1.225110e+00 -2.817486e-02 1.008436e+00 3.014708e+00 1.283735e-04 2.070095e+02 5.379077e+01 1.208522e+02 9.304436e+00 4.352859e+01 1.071196e+01 5.070103e-01 5.134394e-01 4.932621e-01 1.002335e+00 1.004907e+00 4.890556e-01 4.707432e+00 -1.753531e-01 -7.069209e+03
41 1.543527e-01 2.309426e-02 6.918337e-01 1.191121e-01 1.000329e+00 2.853440e+00 -2.980617e-03 -1.225110e+00 -2.817486e-02 1.008436e+00 3.014708e+00 1.283735e-04 2.070095e+02 5.379077e+01 1.208522e+02 9.304436e+00 4.352859e+01 1.071196e+01 5.070103e-01 5.134394e-01 4.932621e-01 1.002335e+00 1.004907e+00 4.890556e-01 4.707432e+00 -1.753531e-01 -7.069209e+03
42 1.540710e-01 2.309734e-02 6.915558e-01 1.228503e-01 9.998206e-01 2.851240e+00 -2.612403e-03 -1.216972e+00 -1.820250e-02 1.003650e+00 3.011837e+00 2.307907e-04 2.074016e+02 5.432379e+01 1.207379e+02 9.204080e+00 4.340730e+01 1.050314e+01 5.077562e-01 5.117967e-01 4.919652e-01 1.001999e+00 1.003892e+00 4.745642e-01 4.579882e+00 -2.072990e-01 -7.050422e+03
43 1.548280e-01 2.307132e-02 6.906540e-01 1.242124e-01 9.992759e-01 2.852807e+00 -2.890341e-03 -1.216920e+00 -1.563705e-02 1.005903e+00 3.012219e+00 -3.528840e-04 2.069284e+02 5.470128e+01 1.223418e+02 9.271320e+00 4.254736e+01 1.014831e+01 5.045645e-01 5.171184e-01 4.888007e-01 1.001588e+00 1.003756e+00 4.620451e-01 4.690498e+00 -1.870634e-01 -7.014928e+03
44 1.548280e-01 2.307132e-02 6.906540e-01 1.242124e-01 9.992759e-01 2.852807e+00 -2.890341e-03 -1.216920e+00 -1.563705e-02 1.005903e+00 3.012219e+00 -3.528840e-04 2.069284e+02 5.470128e+01 1.223418e+02 9.271320e+00 4.254736e+01 1.014831e+01 5.045645e-01 5.171184e-01 4.888007e-01 1.001588e+00 1.003756e+00 4.620451e-01 4.690498e+00 -1.870634e-01 -7.014928e+03
45 1.548280e-01 2.307132e-02 6.906540e-01 1.242124e-01 9.992759e-01 2.852807e+00 -2.890341e-03 -1.216920e+00 -1.563705e-02 1.005903e+00 3.012219e+00 -3.528840e-04 2.069284e+02 5.470128e+01 1.223418e+02 9.271320e+00 4.254736e+01 1.014831e+01 5.045645e-01 5.171184e-01 4.888007e-01 1.001588e+00 1.003756e+00 4.620451e-01 4.690498e+00 -1.870634e-01 -7.014928e+03
46 1.541973e-01 2.306396e-02 6.904641e-01 1.245495e-01 9.991341e-01 2.852202e+00 -3.249450e-03 -1.214256e+00 -1.446828e-02 1.001104e+00 3.012218e+00 4.361812e-04 2.060026e+02 5.466528e+01 1.248706e+02 8.947365e+00 4.065534e+01 1.023489e+01 4.997104e-01 5.172877e-01 5.017871e-01 1.001049e+00 1.003341e+00 4.697920e-01 4.646303e+00 -2.006835e-01 -6.874987e+03
47 1.542345e-01 2.304765e-02 6.904930e-01 1.238561e-01 9.992647e-01 2.854589e+00 -2.467677e-03 -1.213639e+00 -2.990671e-02 1.002699e+00 3.011056e+00 9.559507e-04 2.072005e+02 5.534940e+01 1.281596e+02 8.896126e+00 3.967008e+01 9.808233e+00 4.946469e-01 5.120872e-01 5.057710e-01 1.001083e+00 1.003505e+00 4.767465e-01 4.551743e+00 -1.251250e-01 -6.809900e+03
48 1.539320e-01 2.309572e-02 6.914107e-01 1.252503e-01 9.987267e-01 2.856246e+00 -1.828176e-03 -1.212732e+00 -2.115205e-02 1.003567e+00 3.007174e+00 1.262846e-03 2.058223e+02 5.498142e+01 1.270163e+02 8.659630e+00 3.864987e+01 9.883373e+00 4.926188e-01 5.052197e-01 5.070627e-01 1.001833e+00 1.004405e+00 4.866446e-01 4.306560e+00 -3.329375e-02 -6.754861e+03
49 1.539320e-01 2.309572e-02 6.914107e-01 1.252503e-01 9.987267e-01 2.856246e+00 -1.828176e-03 -1.212732e+00 -2.115205e-02 1.003567e+00 3.007174e+00 1.262846e-03 2.058223e+02 5.498142e+01 1.270163e+02 8.659630e+00 3.864987e+01 9.883373e+00 4.926188e-01 5.052197e-01 5.070627e-01 1.001833e+00 1.004405e+00 4.866446e-01 4.306560e+00 -3.329375e-02 -6.754861e+03
50 1.539320e-01 2.309572e-02 6.914107e-01 1.252503e-01 9.987267e-01 2.856246e+00 -1.828176e-03 -1.212732e+00 -2.115205e-02 1.003567e+00 3.007174e+00 1.262846e-03 2.058223e+02 5.498142e+01 1.270163e+02 8.659630e+00 3.864987e+01 9.883373e+00 4.926188e-01 5.052197e-01 5.070627e-01 1.001833e+00 1.004405e+00 4.866446e-01 4.306560e+00 -3.329375e-02 -6.754861e+03
51 1.539320e-01 2.309572e-02 6.914107e-01 1.252503e-01 9.987267e-01 2.856246e+00 -1.828176e-03 -1.212732e+00 -2.115205e-02 1.003567e+00 3.007174e+00 1.262846e-03 2.058223e+02 5.498142e+01 1.270163e+02 8.659630e+00 3.864987e+01 9.883373e+00 4.926188e-01 5.052197e-01 5.070627e-01 1.001833e+00 1.004405e+00 4.866446e-01 4.306560e+00 -3.329375e-02 -6.754861e+03
52 1.537843e-01 2.315314e-02 6.911660e-01 1.246956e-01 9.992291e-01 2.857342e+00 -1.191544e-03 -1.215387e+00 -2.721293e-02 9.993900e-01 3.002659e+00 1.038264e-03 2.048817e+02 5.484761e+01 1.262917e+02 8.641055e+00 3.863210e+01 9.634508e+00 4.929039e-01 5.035569e-01 5.240754e-01 1.001946e+00 1.006221e+00 4.923086e-01 4.349900e+00 -7.708762e-02 -6.673598e+03
53 1.537843e-01 2.315314e-02 6.911660e-01 1.246956e-01 9.992291e-01 2.857342e+00 -1.191544e-03 -1.215387e+00 -2.721293e-02 9.993900e-01 3.002659e+00 1.038264e-03 2.048817e+02 5.484761e+01 1.262917e+02 8.641055e+00 3.863210e+01 9.634508e+00 4.929039e-01 5.035569e-01 5.240754e-01 1.001946e+00 1.006221e+00 4.923086e-01 4.349900e+00 -7.708762e-02 -6.673598e+03
54 1.538778e-01 2.315331e-02 6.899578e-01 1.220116e-01 1.001231e+00 2.856284e+00 -1.115358e-03 -1.218489e+00 -3.297214e-02 1.004039e+00 3.008985e+00 3.986807e-04 2.096748e+02 5.507989e+01 1.266698e+02 8.519323e+00 3.773668e+01 9.578887e+00 4.837827e-01 5.032510e-01 5.227672e-01 1.002399e+00 1.004920e+00 4.854003e-01 4.330969e+00 -2.888873e-02 -6.651774e+03
55 1.542082e-01 2.316445e-02 6.880861e-01 1.212625e-01 1.000730e+00 2.854463e+00 -4.533807e-04 -1.224303e+00 -1.943097e-02 1.000030e+00 3.010703e+00 1.182287e-03 2.069236e+02 5.552421e+01 1.218450e+02 8.667496e+00 3.639094e+01 9.573075e+00 4.835299e-01 4.993035e-01 5.225490e-01 1.002334e+00 1.004400e+00 4.916851e-01 4.551543e+00 -3.735072e-02 -6.609933e+03
