CHAIN[0] Eingenvector and value info: ************************************
MultiGaussian::printInfo:
Eigenvalues (we used scale = 1.429206):
1.422507e-08  --> sigma:  1.192689e-04  eigenvector w/o scale: 9.953128e-09    --> sigma: 9.976537e-05
1.579719e-08  --> sigma:  1.256869e-04  eigenvector w/o scale: 1.105312e-08    --> sigma: 1.051338e-04
3.922563e-07  --> sigma:  6.263037e-04  eigenvector w/o scale: 2.744574e-07    --> sigma: 5.238869e-04
1.361302e-06  --> sigma:  1.166749e-03  eigenvector w/o scale: 9.524882e-07    --> sigma: 9.759550e-04
2.813716e-06  --> sigma:  1.677413e-03  eigenvector w/o scale: 1.968726e-06    --> sigma: 1.403113e-03
1.541305e-05  --> sigma:  3.925946e-03  eigenvector w/o scale: 1.078434e-05    --> sigma: 3.283953e-03
2.165163e-04  --> sigma:  1.471449e-02  eigenvector w/o scale: 1.514941e-04    --> sigma: 1.230829e-02
3.053754e-04  --> sigma:  1.747499e-02  eigenvector w/o scale: 2.136678e-04    --> sigma: 1.461738e-02
7.427776e-04  --> sigma:  2.725395e-02  eigenvector w/o scale: 5.197133e-04    --> sigma: 2.279722e-02
1.122407e-03  --> sigma:  3.350234e-02  eigenvector w/o scale: 7.853358e-04    --> sigma: 2.802384e-02
1.690912e-03  --> sigma:  4.112070e-02  eigenvector w/o scale: 1.183113e-03    --> sigma: 3.439640e-02
4.293163e-03  --> sigma:  6.552223e-02  eigenvector w/o scale: 3.003879e-03    --> sigma: 5.480765e-02
2.347033e-01  --> sigma:  4.844619e-01  eigenvector w/o scale: 1.642193e-01    --> sigma: 4.052398e-01
1.684177e+00  --> sigma:  1.297759e+00  eigenvector w/o scale: 1.178400e+00    --> sigma: 1.085542e+00
5.339523e+00  --> sigma:  2.310741e+00  eigenvector w/o scale: 3.736006e+00    --> sigma: 1.932875e+00
1.617295e+01  --> sigma:  4.021560e+00  eigenvector w/o scale: 1.131603e+01    --> sigma: 3.363931e+00
3.164750e+01  --> sigma:  5.625611e+00  eigenvector w/o scale: 2.214341e+01    --> sigma: 4.705678e+00
1.021094e+02  --> sigma:  1.010492e+01  eigenvector w/o scale: 7.144480e+01    --> sigma: 8.452503e+00
7.738228e+02  --> sigma:  2.781767e+01  eigenvector w/o scale: 5.414353e+02    --> sigma: 2.326876e+01
1.229895e+03  --> sigma:  3.506985e+01  eigenvector w/o scale: 8.605438e+02    --> sigma: 2.933503e+01

Eigenvectors:
4.885045e-02  -2.185729e-01  8.421365e-01  1.576779e-01  -4.292680e-01  1.483348e-02  -2.868645e-02  -1.727011e-01  1.428592e-02  -1.843734e-02  9.964685e-03  2.197497e-04  -5.454421e-04  -6.261429e-05  -2.160396e-05  -6.553388e-05  -2.036055e-04  -5.396759e-05  -1.739186e-05  -2.188020e-05  
-2.329663e-01  9.432561e-01  2.254493e-01  1.926789e-02  -6.311168e-02  -2.599894e-02  4.490360e-04  1.153477e-02  -1.405218e-03  1.031384e-03  -8.666672e-04  -4.660982e-05  -2.809617e-05  5.966181e-05  -4.307196e-05  3.794526e-05  3.016618e-06  -1.797500e-06  -3.497271e-06  2.429158e-06  
1.360623e-02  -5.208982e-02  8.553730e-02  5.250716e-02  -1.573324e-01  -4.616864e-01  1.191809e-01  8.480881e-01  -7.667464e-02  8.576256e-02  -4.923195e-02  4.007951e-04  1.350930e-03  1.049753e-03  -4.281738e-04  7.414965e-04  8.771745e-04  2.077303e-04  2.415997e-05  1.223938e-04  
5.372911e-03  -4.685315e-02  4.283492e-01  -2.488179e-01  7.045055e-01  1.474835e-01  3.184311e-02  1.326916e-01  3.209231e-02  4.623980e-01  1.359338e-02  -2.524013e-02  -3.733558e-03  1.646271e-03  -8.474183e-04  8.437952e-04  5.549607e-04  2.069752e-04  6.797195e-05  4.778702e-05  
-4.431710e-03  1.409255e-02  -5.769587e-02  9.356160e-02  -2.305155e-01  8.690939e-01  4.719548e-02  4.149967e-01  -3.276221e-02  5.923965e-02  -1.277149e-02  -6.174243e-03  -1.210133e-03  9.073922e-04  -7.928053e-04  9.816106e-04  3.314185e-04  1.571753e-04  3.063284e-05  3.602523e-05  
-2.501680e-03  2.328986e-02  -2.139545e-01  1.204800e-01  -3.527188e-01  -9.234135e-02  -1.288878e-02  -1.750731e-01  9.789283e-02  8.723208e-01  4.395905e-02  -5.260668e-02  -1.287343e-02  2.597549e-03  -1.642708e-03  1.852722e-03  1.642670e-04  2.585562e-04  7.137763e-05  1.316141e-05  
1.957370e-05  4.777140e-06  2.238561e-06  3.560049e-05  1.035155e-05  -9.470886e-06  -6.645906e-04  -1.456293e-05  -1.177111e-03  7.139921e-05  6.464916e-04  -2.601271e-03  3.712891e-03  -6.867329e-02  -5.862170e-02  -7.150943e-03  -3.161458e-02  -8.958948e-02  5.000857e-01  8.559568e-01  
-9.753936e-06  3.320085e-06  -5.100809e-06  3.259427e-05  -5.287480e-05  -8.131033e-06  -2.802841e-04  2.175626e-04  3.408243e-03  -1.267591e-04  -7.855656e-04  2.651138e-03  9.934525e-03  -2.384158e-02  -5.191787e-02  -1.008468e-01  -6.777646e-02  9.398708e-01  3.016302e-01  -8.669680e-02  
-7.877862e-06  5.322255e-06  4.502299e-06  7.171506e-05  -5.892034e-05  1.241207e-04  -1.346904e-04  9.941409e-05  -2.127056e-03  7.462181e-04  3.487437e-04  -5.775315e-04  4.673557e-03  5.544077e-02  3.070984e-01  -1.921481e-02  -6.436040e-02  -2.808286e-01  7.786649e-01  -4.614046e-01  
7.383865e-05  3.226396e-05  -3.600585e-06  -2.737490e-05  -1.037667e-04  -1.374365e-04  -7.069907e-03  -3.992730e-05  -2.589126e-02  3.245771e-03  3.269764e-02  3.393659e-03  5.055742e-02  -6.646641e-01  1.534168e-01  4.400642e-01  5.739292e-01  6.197332e-02  4.466123e-02  -3.782601e-02  
-2.051789e-05  8.720830e-06  -1.416736e-05  7.089542e-04  1.730717e-04  2.695682e-04  -6.015632e-03  -3.162957e-04  -1.577518e-02  3.505075e-03  5.305743e-03  1.630980e-02  3.435956e-02  1.445781e-01  8.648469e-01  2.589455e-01  -2.535635e-01  1.425337e-01  -1.993189e-01  1.948667e-01  
-5.263780e-05  -2.029732e-05  -1.135273e-04  1.841052e-03  8.580751e-04  -8.051361e-05  -1.944197e-02  1.887349e-04  3.384690e-03  -1.194610e-03  -2.530124e-02  1.398670e-02  -4.808762e-02  6.653007e-01  8.302202e-02  2.043373e-02  7.316217e-01  6.840075e-02  4.557874e-02  6.704589e-02  
-9.926848e-05  1.810386e-05  -7.111566e-05  5.332342e-06  -5.432419e-04  5.604696e-04  -2.598719e-03  4.658380e-04  -1.620493e-02  4.432266e-03  1.414429e-02  -2.673578e-03  2.336018e-02  -2.816363e-01  3.439867e-01  -8.532932e-01  2.463377e-01  -2.695691e-02  -9.378115e-02  5.475724e-02  
-5.096802e-04  3.094490e-04  -9.768662e-04  -2.381926e-02  -1.448709e-02  3.369431e-03  3.552525e-01  -2.118341e-02  1.095293e-01  1.866241e-02  3.482319e-01  8.534804e-01  -1.020475e-01  -3.415207e-04  -6.981565e-03  -5.838146e-03  -5.920167e-04  -3.334885e-03  3.093928e-03  4.662987e-04  
3.434897e-03  9.856213e-04  2.827359e-04  -6.028646e-03  -4.960729e-03  -1.920990e-03  7.961988e-02  8.042302e-02  9.700743e-01  -9.402600e-02  -6.579013e-02  -1.099015e-01  1.412460e-01  -1.290263e-02  2.074571e-02  1.782966e-03  1.594796e-02  -1.428412e-03  -2.802731e-03  2.985821e-03  
3.617231e-03  9.020401e-04  -9.020563e-05  -4.645583e-02  -1.811144e-02  -7.975517e-03  2.238042e-01  1.997708e-02  1.889738e-03  -6.700572e-02  8.419659e-01  -4.553935e-01  -1.584838e-01  3.101113e-02  5.185323e-03  2.918763e-03  3.750099e-03  5.607474e-03  -4.002553e-05  2.468187e-03  
-9.710758e-01  -2.383362e-01  -7.370071e-03  9.890290e-03  -1.045531e-05  -2.496069e-03  4.964643e-03  -5.529027e-04  3.049970e-03  -5.364487e-04  1.766424e-03  -3.389047e-03  4.902944e-05  2.815197e-06  9.540671e-05  1.456439e-04  1.206000e-04  2.360611e-05  1.527417e-06  3.336436e-05  
-8.617940e-03  -6.085506e-03  4.018805e-03  -9.387475e-01  -3.343292e-01  1.147772e-02  -7.341481e-02  9.800295e-03  -3.073883e-03  4.463181e-04  -3.260051e-02  1.261653e-02  3.688452e-04  -4.788575e-04  2.186928e-04  1.511159e-04  -1.169217e-04  -5.366677e-05  -9.173115e-06  1.694522e-05  
3.563455e-03  1.091388e-03  1.089400e-03  -5.112858e-02  -2.696743e-02  1.137585e-02  8.848543e-01  -1.500144e-01  -1.046990e-01  -3.231412e-03  -3.608088e-01  -2.180648e-01  -4.192191e-02  -6.057128e-03  1.488651e-02  5.561775e-03  1.621257e-02  4.352936e-03  -8.052539e-04  2.439812e-03  
-2.246279e-04  -2.183167e-04  1.020520e-03  1.025831e-02  7.043638e-03  -8.775150e-04  -1.004006e-01  1.977979e-02  1.303566e-01  -1.745337e-02  -1.658553e-01  -2.120103e-02  -9.673928e-01  -7.642028e-02  4.593668e-02  9.547965e-03  -9.488620e-03  1.123340e-02  -1.192166e-03  2.976132e-03  
***********************************


CHAIN[1] Eingenvector and value info: ************************************
MultiGaussian::printInfo:
Eigenvalues (we used scale = 1.109013):
1.103815e-08  --> sigma:  1.050626e-04  eigenvector w/o scale: 9.953128e-09    --> sigma: 9.976537e-05
1.225806e-08  --> sigma:  1.107161e-04  eigenvector w/o scale: 1.105312e-08    --> sigma: 1.051338e-04
3.043768e-07  --> sigma:  5.517035e-04  eigenvector w/o scale: 2.744574e-07    --> sigma: 5.238869e-04
1.056322e-06  --> sigma:  1.027775e-03  eigenvector w/o scale: 9.524882e-07    --> sigma: 9.759550e-04
2.183342e-06  --> sigma:  1.477614e-03  eigenvector w/o scale: 1.968726e-06    --> sigma: 1.403113e-03
1.195998e-05  --> sigma:  3.458320e-03  eigenvector w/o scale: 1.078434e-05    --> sigma: 3.283953e-03
1.680089e-04  --> sigma:  1.296182e-02  eigenvector w/o scale: 1.514941e-04    --> sigma: 1.230829e-02
2.369604e-04  --> sigma:  1.539352e-02  eigenvector w/o scale: 2.136678e-04    --> sigma: 1.461738e-02
5.763687e-04  --> sigma:  2.400768e-02  eigenvector w/o scale: 5.197133e-04    --> sigma: 2.279722e-02
8.709474e-04  --> sigma:  2.951182e-02  eigenvector w/o scale: 7.853358e-04    --> sigma: 2.802384e-02
1.312087e-03  --> sigma:  3.622274e-02  eigenvector w/o scale: 1.183113e-03    --> sigma: 3.439640e-02
3.331340e-03  --> sigma:  5.771776e-02  eigenvector w/o scale: 3.003879e-03    --> sigma: 5.480765e-02
1.821213e-01  --> sigma:  4.267568e-01  eigenvector w/o scale: 1.642193e-01    --> sigma: 4.052398e-01
1.306861e+00  --> sigma:  1.143180e+00  eigenvector w/o scale: 1.178400e+00    --> sigma: 1.085542e+00
4.143278e+00  --> sigma:  2.035504e+00  eigenvector w/o scale: 3.736006e+00    --> sigma: 1.932875e+00
1.254963e+01  --> sigma:  3.542545e+00  eigenvector w/o scale: 1.131603e+01    --> sigma: 3.363931e+00
2.455732e+01  --> sigma:  4.955534e+00  eigenvector w/o scale: 2.214341e+01    --> sigma: 4.705678e+00
7.923319e+01  --> sigma:  8.901303e+00  eigenvector w/o scale: 7.144480e+01    --> sigma: 8.452503e+00
6.004587e+02  --> sigma:  2.450426e+01  eigenvector w/o scale: 5.414353e+02    --> sigma: 2.326876e+01
9.543541e+02  --> sigma:  3.089262e+01  eigenvector w/o scale: 8.605438e+02    --> sigma: 2.933503e+01

Eigenvectors:
4.885045e-02  -2.185729e-01  8.421365e-01  1.576779e-01  -4.292680e-01  1.483348e-02  -2.868645e-02  -1.727011e-01  1.428592e-02  -1.843734e-02  9.964685e-03  2.197497e-04  -5.454421e-04  -6.261429e-05  -2.160396e-05  -6.553388e-05  -2.036055e-04  -5.396759e-05  -1.739186e-05  -2.188020e-05  
-2.329663e-01  9.432561e-01  2.254493e-01  1.926789e-02  -6.311168e-02  -2.599894e-02  4.490360e-04  1.153477e-02  -1.405218e-03  1.031384e-03  -8.666672e-04  -4.660982e-05  -2.809617e-05  5.966181e-05  -4.307196e-05  3.794526e-05  3.016618e-06  -1.797500e-06  -3.497271e-06  2.429158e-06  
1.360623e-02  -5.208982e-02  8.553730e-02  5.250716e-02  -1.573324e-01  -4.616864e-01  1.191809e-01  8.480881e-01  -7.667464e-02  8.576256e-02  -4.923195e-02  4.007951e-04  1.350930e-03  1.049753e-03  -4.281738e-04  7.414965e-04  8.771745e-04  2.077303e-04  2.415997e-05  1.223938e-04  
5.372911e-03  -4.685315e-02  4.283492e-01  -2.488179e-01  7.045055e-01  1.474835e-01  3.184311e-02  1.326916e-01  3.209231e-02  4.623980e-01  1.359338e-02  -2.524013e-02  -3.733558e-03  1.646271e-03  -8.474183e-04  8.437952e-04  5.549607e-04  2.069752e-04  6.797195e-05  4.778702e-05  
-4.431710e-03  1.409255e-02  -5.769587e-02  9.356160e-02  -2.305155e-01  8.690939e-01  4.719548e-02  4.149967e-01  -3.276221e-02  5.923965e-02  -1.277149e-02  -6.174243e-03  -1.210133e-03  9.073922e-04  -7.928053e-04  9.816106e-04  3.314185e-04  1.571753e-04  3.063284e-05  3.602523e-05  
-2.501680e-03  2.328986e-02  -2.139545e-01  1.204800e-01  -3.527188e-01  -9.234135e-02  -1.288878e-02  -1.750731e-01  9.789283e-02  8.723208e-01  4.395905e-02  -5.260668e-02  -1.287343e-02  2.597549e-03  -1.642708e-03  1.852722e-03  1.642670e-04  2.585562e-04  7.137763e-05  1.316141e-05  
1.957370e-05  4.777140e-06  2.238561e-06  3.560049e-05  1.035155e-05  -9.470886e-06  -6.645906e-04  -1.456293e-05  -1.177111e-03  7.139921e-05  6.464916e-04  -2.601271e-03  3.712891e-03  -6.867329e-02  -5.862170e-02  -7.150943e-03  -3.161458e-02  -8.958948e-02  5.000857e-01  8.559568e-01  
-9.753936e-06  3.320085e-06  -5.100809e-06  3.259427e-05  -5.287480e-05  -8.131033e-06  -2.802841e-04  2.175626e-04  3.408243e-03  -1.267591e-04  -7.855656e-04  2.651138e-03  9.934525e-03  -2.384158e-02  -5.191787e-02  -1.008468e-01  -6.777646e-02  9.398708e-01  3.016302e-01  -8.669680e-02  
-7.877862e-06  5.322255e-06  4.502299e-06  7.171506e-05  -5.892034e-05  1.241207e-04  -1.346904e-04  9.941409e-05  -2.127056e-03  7.462181e-04  3.487437e-04  -5.775315e-04  4.673557e-03  5.544077e-02  3.070984e-01  -1.921481e-02  -6.436040e-02  -2.808286e-01  7.786649e-01  -4.614046e-01  
7.383865e-05  3.226396e-05  -3.600585e-06  -2.737490e-05  -1.037667e-04  -1.374365e-04  -7.069907e-03  -3.992730e-05  -2.589126e-02  3.245771e-03  3.269764e-02  3.393659e-03  5.055742e-02  -6.646641e-01  1.534168e-01  4.400642e-01  5.739292e-01  6.197332e-02  4.466123e-02  -3.782601e-02  
-2.051789e-05  8.720830e-06  -1.416736e-05  7.089542e-04  1.730717e-04  2.695682e-04  -6.015632e-03  -3.162957e-04  -1.577518e-02  3.505075e-03  5.305743e-03  1.630980e-02  3.435956e-02  1.445781e-01  8.648469e-01  2.589455e-01  -2.535635e-01  1.425337e-01  -1.993189e-01  1.948667e-01  
-5.263780e-05  -2.029732e-05  -1.135273e-04  1.841052e-03  8.580751e-04  -8.051361e-05  -1.944197e-02  1.887349e-04  3.384690e-03  -1.194610e-03  -2.530124e-02  1.398670e-02  -4.808762e-02  6.653007e-01  8.302202e-02  2.043373e-02  7.316217e-01  6.840075e-02  4.557874e-02  6.704589e-02  
-9.926848e-05  1.810386e-05  -7.111566e-05  5.332342e-06  -5.432419e-04  5.604696e-04  -2.598719e-03  4.658380e-04  -1.620493e-02  4.432266e-03  1.414429e-02  -2.673578e-03  2.336018e-02  -2.816363e-01  3.439867e-01  -8.532932e-01  2.463377e-01  -2.695691e-02  -9.378115e-02  5.475724e-02  
-5.096802e-04  3.094490e-04  -9.768662e-04  -2.381926e-02  -1.448709e-02  3.369431e-03  3.552525e-01  -2.118341e-02  1.095293e-01  1.866241e-02  3.482319e-01  8.534804e-01  -1.020475e-01  -3.415207e-04  -6.981565e-03  -5.838146e-03  -5.920167e-04  -3.334885e-03  3.093928e-03  4.662987e-04  
3.434897e-03  9.856213e-04  2.827359e-04  -6.028646e-03  -4.960729e-03  -1.920990e-03  7.961988e-02  8.042302e-02  9.700743e-01  -9.402600e-02  -6.579013e-02  -1.099015e-01  1.412460e-01  -1.290263e-02  2.074571e-02  1.782966e-03  1.594796e-02  -1.428412e-03  -2.802731e-03  2.985821e-03  
3.617231e-03  9.020401e-04  -9.020563e-05  -4.645583e-02  -1.811144e-02  -7.975517e-03  2.238042e-01  1.997708e-02  1.889738e-03  -6.700572e-02  8.419659e-01  -4.553935e-01  -1.584838e-01  3.101113e-02  5.185323e-03  2.918763e-03  3.750099e-03  5.607474e-03  -4.002553e-05  2.468187e-03  
-9.710758e-01  -2.383362e-01  -7.370071e-03  9.890290e-03  -1.045531e-05  -2.496069e-03  4.964643e-03  -5.529027e-04  3.049970e-03  -5.364487e-04  1.766424e-03  -3.389047e-03  4.902944e-05  2.815197e-06  9.540671e-05  1.456439e-04  1.206000e-04  2.360611e-05  1.527417e-06  3.336436e-05  
-8.617940e-03  -6.085506e-03  4.018805e-03  -9.387475e-01  -3.343292e-01  1.147772e-02  -7.341481e-02  9.800295e-03  -3.073883e-03  4.463181e-04  -3.260051e-02  1.261653e-02  3.688452e-04  -4.788575e-04  2.186928e-04  1.511159e-04  -1.169217e-04  -5.366677e-05  -9.173115e-06  1.694522e-05  
3.563455e-03  1.091388e-03  1.089400e-03  -5.112858e-02  -2.696743e-02  1.137585e-02  8.848543e-01  -1.500144e-01  -1.046990e-01  -3.231412e-03  -3.608088e-01  -2.180648e-01  -4.192191e-02  -6.057128e-03  1.488651e-02  5.561775e-03  1.621257e-02  4.352936e-03  -8.052539e-04  2.439812e-03  
-2.246279e-04  -2.183167e-04  1.020520e-03  1.025831e-02  7.043638e-03  -8.775150e-04  -1.004006e-01  1.977979e-02  1.303566e-01  -1.745337e-02  -1.658553e-01  -2.120103e-02  -9.673928e-01  -7.642028e-02  4.593668e-02  9.547965e-03  -9.488620e-03  1.123340e-02  -1.192166e-03  2.976132e-03  
***********************************


